,State,County,First Doubling,Last Delta,Inv Tau,Tau,R Squared,ID
485,Iowa,Louisa,2,15,0.4661422359555902,2.145267952280709,0.9542577580726257,19115.0
294,New York,New York City,6,5356,0.24789776939596758,4.0339209281173405,0.864205142083446,
403,Pennsylvania,Philadelphia,6,492,0.23321515484213354,4.287886010996641,0.9391428628527796,42101.0
344,Michigan,Wayne,5,446,0.22850709741589406,4.376231685180225,0.838619536861778,26163.0
297,New York,Rockland,9,457,0.2242384555000071,4.4595383863583935,0.8485676007748879,36087.0
418,Pennsylvania,Lancaster,5,52,0.22243008561104813,4.495794699951911,0.9098049533264374,42071.0
411,Pennsylvania,Luzerne,7,84,0.22189943401903295,4.506545969442298,0.9331819274912879,42079.0
604,New Jersey,Hudson,5,532,0.22040659370224652,4.537069346259796,0.9587340916675949,34017.0
299,New York,Suffolk,2,1279,0.22039426334960174,4.537323180747876,0.8673648954688825,36103.0
602,New Jersey,Union,6,372,0.2195322697224589,4.55513898373227,0.9501244511945457,34039.0
703,Connecticut,New Haven,3,200,0.21790459507590562,4.589164352645508,0.9536318868713547,9009.0
601,New Jersey,Passaic,8,327,0.21667950790484639,4.615111090427363,0.9384290933323836,34031.0
410,Pennsylvania,Lehigh,5,96,0.2157906745738141,4.634120552127643,0.9527775694968106,42077.0
296,New York,Nassau,3,1372,0.21325639550017064,4.689191138463183,0.8778247268647399,36059.0
608,New Jersey,Essex,2,511,0.21017833040950648,4.757864419474756,0.9163876524467438,34013.0
662,Massachusetts,Hampden,6,118,0.20880664018630332,4.789119728701018,0.8828200050101344,25013.0
461,Louisiana,Tangipahoa,9,22,0.20617835629070325,4.850169620083885,0.7931958750460225,22105.0
658,Massachusetts,Essex,7,334,0.2053171978666625,4.870512603865858,0.9059827776801911,25009.0
606,New Jersey,Middlesex,4,432,0.20476174393869326,4.883724765986586,0.9355002295870468,34023.0
603,New Jersey,Monmouth,6,248,0.20047158481371782,4.988238113292813,0.8976644790964827,34025.0
599,New Jersey,Bergen,7,585,0.20020556962394614,4.994866036336245,0.924584257221886,34003.0
271,Florida,Miami-Dade,2,402,0.19904554017506682,5.023975915865628,0.8952137471747512,12086.0
388,Illinois,Will,5,65,0.19800163984676394,5.050463222294083,0.9168666588822019,17197.0
661,Massachusetts,Plymouth,4,170,0.1975709556408666,5.061472708659384,0.8771705323900043,25023.0
610,New Jersey,Ocean,3,176,0.19756277665255084,5.061682250795033,0.8652703742474568,34029.0
435,Louisiana,Jefferson,4,198,0.19595995907348712,5.103083327471961,0.9345908195996391,22051.0
700,Connecticut,Fairfield,5,298,0.19498484152943818,5.128603804050189,0.9287754628468435,9001.0
660,Massachusetts,Bristol,6,92,0.1946877496880574,5.1364300096039495,0.8764365707077142,25005.0
607,New Jersey,Morris,4,126,0.19116005733859262,5.23121835137739,0.9132965986621014,34027.0
625,Maryland,Prince George's,8,240,0.19072877733235732,5.243047294627359,0.9666779010828684,24033.0
304,New York,Orange,3,442,0.19055467113079344,5.247837767847828,0.7969850351803718,36071.0
345,Michigan,Oakland,5,264,0.1904614712137897,5.2504057310232435,0.8517857654611132,26125.0
193,California,San Bernardino,6,81,0.18868960500894053,5.299709011276047,0.9301164556523843,6071.0
413,Pennsylvania,Berks,5,104,0.18833170420837905,5.309780444048618,0.9684972713465716,42011.0
127,Indiana,Lake,6,51,0.18775328397271338,5.326138530526754,0.8988715064948821,18089.0
465,Louisiana,Ouachita,3,26,0.18616357041716788,5.371620224940532,0.9138381858136754,22073.0
51,Texas,Harris,11,214,0.18416522806970292,5.429906668491837,0.9232997385720857,48201.0
641,Nebraska,Hall,5,45,0.1828068818552055,5.470253580453622,0.8817921404726344,31079.0
702,Connecticut,Hartford,3,144,0.1822288007716177,5.487606765591748,0.9344451606080885,9003.0
118,Indiana,Marion,11,185,0.18123268631751135,5.517768457330296,0.8762551394698918,18097.0
447,Louisiana,East Baton Rouge,2,88,0.17896390347233815,5.5877189790653325,0.8963870135220178,22033.0
351,Michigan,Macomb,3,190,0.1789545582780268,5.5880107755980335,0.8676547365806001,26099.0
440,Louisiana,St. Tammany,6,48,0.17498383033890444,5.71481375200911,0.9013067219884319,22103.0
657,Massachusetts,Worcester,11,217,0.17455203397144994,5.728950716000032,0.8906731107325006,25027.0
611,New Jersey,Mercer,3,121,0.17404021177308765,5.745798570411949,0.9776932478287621,34021.0
185,California,Riverside,12,70,0.173206551413598,5.773453670422149,0.93663329571051,6065.0
405,Pennsylvania,Northampton,7,45,0.17219659307189863,5.807315825246682,0.9290971235400088,42095.0
404,Pennsylvania,Bucks,8,85,0.16921708845456213,5.909568644236059,0.9147137735566004,42017.0
35,Georgia,Sumter,8,22,0.1683515336124496,5.939951829022424,0.8735103542345499,13261.0
302,New York,Dutchess,4,105,0.16612049591693434,6.019726792171585,0.9376091718794574,36027.0
626,Maryland,Baltimore,8,93,0.16541925629500118,6.045245410949288,0.9521970923619406,24005.0
275,Florida,Palm Beach,4,98,0.16423321121182421,6.088902437097349,0.8553118792199889,12099.0
368,Missouri,St. Louis,11,105,0.16292094354914427,6.137946283734571,0.8791773213195838,29189.0
401,Pennsylvania,Montgomery,7,196,0.16260533988125914,6.149859535549322,0.9578845439426599,42091.0
415,Pennsylvania,Lackawanna,5,34,0.16255880223261882,6.1516201292441695,0.9229385610348556,42069.0
605,New Jersey,Burlington,10,71,0.16111699765040072,6.206669777758938,0.9389019879215911,34005.0
437,Louisiana,Caddo,9,44,0.16094404968403878,6.213339368328151,0.8847239778672619,22017.0
354,Michigan,Genesee,1,73,0.16016370220957235,6.243611918332854,0.8823744895705515,26049.0
105,Virginia,Henrico,7,23,0.1593573663191344,6.275204109469069,0.9334634786156714,51087.0
503,Alabama,Mobile,5,53,0.1583586673548874,6.3147790815829765,0.9402722260421852,1097.0
399,Pennsylvania,Delaware,12,155,0.1574060731358295,6.352995027943273,0.8933521722360275,42045.0
655,Massachusetts,Middlesex,2,402,0.1566745780941963,6.3826564089981295,0.9453724679702373,25017.0
614,New Jersey,Warren,6,18,0.15665616013551936,6.383406813590508,0.9346373103159182,34041.0
373,Missouri,St. Louis city,4,38,0.15663514754105873,6.384263147183299,0.8695739049044061,29510.0
359,Michigan,Saginaw,6,35,0.15638946728467037,6.394292514467962,0.9082868628405745,26145.0
615,New Jersey,Gloucester,5,34,0.15626300402417287,6.3994673994959586,0.9216168954458287,34015.0
234,Ohio,Franklin,5,48,0.15605371380785196,6.408049995088834,0.8189863032778538,39049.0
631,Maryland,Baltimore city,5,51,0.15594137941115863,6.412666117075808,0.9432577672053478,24510.0
416,Pennsylvania,York,7,33,0.15577761337971255,6.419407630559022,0.9688654445817999,42133.0
725,Puerto Rico,Unknown,6,42,0.15464335181947117,6.466492016852999,0.9091946693310704,
613,New Jersey,Somerset,1,188,0.15412407851427629,6.4882788571376375,0.9269849407443816,34035.0
724,District of Columbia,District of Columbia,8,137,0.15406306256615457,6.4908485093278,0.9520768314066829,11001.0
308,New York,Erie,2,47,0.15342715718137565,6.517750953423707,0.8115200567623468,36029.0
519,Colorado,Adams,10,68,0.15342611097450387,6.51779539772196,0.8525919410589063,8001.0
589,Oklahoma,Greer,2,9,0.1529668660780814,6.537363454184604,0.4351351355654038,40055.0
262,Florida,Broward,5,199,0.15180437885471956,6.587425261013215,0.8986271737889246,12011.0
295,New York,Westchester,0,1073,0.15154614265260427,6.598650302121796,0.8033667128143989,36119.0
442,Louisiana,Lafourche,11,33,0.15098990443763546,6.622959354299332,0.8667003141378076,22057.0
53,Texas,Dallas,5,105,0.15079595370615972,6.631477671798775,0.8595888196722811,48113.0
16,Georgia,Hall,9,26,0.15077134873929118,6.632559888610977,0.9450184668469719,13139.0
710,Nevada,Clark,8,135,0.15068003226561907,6.636579412441311,0.9261184230529207,32003.0
278,Florida,Orange,4,42,0.15058302718413255,6.6408546746586685,0.8012399390719639,12095.0
441,Louisiana,St. John the Baptist,8,30,0.14987358860188163,6.672289689788913,0.8545353581984987,22095.0
726,Guam,Unknown,5,35,0.1494145149936024,6.692790188709697,0.9589683440131278,
516,Colorado,Arapahoe,9,54,0.14923495479815987,6.700842985160541,0.9211949761080479,8005.0
474,Louisiana,East Feliciana,8,6,0.14865092358627535,6.727169773819878,0.7347838938815369,22037.0
704,Connecticut,Middlesex,7,35,0.14835994723647072,6.740363680543114,0.9150230223764478,9007.0
654,Massachusetts,Norfolk,6,209,0.14829730763873833,6.743210756300874,0.905195623887736,25021.0
402,Pennsylvania,Monroe,10,36,0.14732841220517498,6.787557030122358,0.9010002507220787,42089.0
383,Illinois,Lake,5,106,0.14685826563459903,6.809286461874199,0.9171335208996425,17097.0
13,Georgia,Dougherty,2,30,0.14662578199124054,6.820082978720211,0.836948854087586,13095.0
522,Colorado,Weld,6,35,0.14639100634626556,6.831020736578945,0.8271283730426031,8123.0
347,Michigan,Washtenaw,7,22,0.14564553455327217,6.865984618527622,0.7415736555447708,26161.0
628,Maryland,Anne Arundel,10,49,0.1455927218454267,6.868475204836701,0.9324111985207278,24003.0
282,Florida,Polk,8,7,0.14555347528031956,6.870327198125039,0.868611838041277,12105.0
274,Florida,Duval,7,23,0.14495800271187628,6.89854979574764,0.9355393654162162,12031.0
697,New Hampshire,Hillsborough,8,26,0.1449503296935847,6.898914973935782,0.8870921609084915,33011.0
194,California,Kern,6,33,0.1435424172983399,6.966581856578259,0.8591524409836411,6029.0
419,Pennsylvania,Lebanon,8,31,0.1433956663147875,6.973711449582882,0.865898926585445,42075.0
67,Texas,Lubbock,8,20,0.1433931772243837,6.973832502750014,0.8028149148131712,48303.0
451,Louisiana,Iberville,10,11,0.14339113229603986,6.973931957908235,0.8009396250781252,22047.0
41,Georgia,Mitchell,5,17,0.14276314144889202,7.004609101838737,0.9017083791598514,13205.0
600,New Jersey,Camden,14,82,0.14232195032514336,7.026323049364049,0.8965634134286194,34007.0
723,Delaware,Kent,12,16,0.14166996481958066,7.0586591962066105,0.812291424774681,10001.0
721,Delaware,New Castle,6,50,0.14158117958659133,7.063085665198869,0.972961486975542,10003.0
240,Ohio,Lucas,8,40,0.14154033536191415,7.065123856341245,0.8389346092868635,39095.0
149,North Carolina,Mecklenburg,5,45,0.1411008584396434,7.08712910083219,0.7791208438681704,37119.0
14,Georgia,Clayton,8,30,0.14068373636784953,7.108142176329986,0.8280150051305238,13063.0
6,Georgia,DeKalb,8,60,0.14011110463070164,7.1371930343119745,0.8767628745152756,13089.0
409,Pennsylvania,Allegheny,3,29,0.1394647861580146,7.170268764955426,0.8196347738366516,42003.0
428,Pennsylvania,Dauphin,3,19,0.13939415981996664,7.173901699264457,0.9144094545308694,42043.0
436,Louisiana,Orleans,0,174,0.13885359038067405,7.201830339845373,0.8733630239618491,22071.0
425,Pennsylvania,Schuylkill,5,15,0.1384802542785977,7.221246127900498,0.9366625029075721,42107.0
26,Georgia,Chatham,9,9,0.13815939453098353,7.238016664699126,0.7839480462701898,13051.0
123,Indiana,Hamilton,5,36,0.13782291164575142,7.25568766512724,0.9053560134050238,18057.0
718,Rhode Island,Washington,3,0,0.13741218260950358,7.277375127952002,0.7594753579229148,44009.0
623,Maryland,Montgomery,10,174,0.1373752731367015,7.279330385788603,0.9531294977169086,24031.0
246,Ohio,Hamilton,1,31,0.13682871304838504,7.308407553657122,0.901242583080463,39061.0
318,New York,Oneida,7,14,0.13649997354018636,7.326008746115942,0.8978623862409874,36065.0
94,Virginia,Fairfax,13,87,0.13607273659708852,7.349010720354665,0.8440878684698712,51059.0
444,Louisiana,St. Bernard,9,18,0.13579644908843372,7.363962803981549,0.8239370235470177,22087.0
372,Missouri,St. Charles,5,24,0.13551967313332514,7.379002449453914,0.9332285171972109,29183.0
616,New Jersey,Atlantic,9,20,0.13475311229473605,7.42097887737665,0.8282251186757416,34001.0
439,Louisiana,St. Charles,14,14,0.13470266569641956,7.423758058758152,0.7477283040779014,22089.0
618,New Jersey,Sussex,3,21,0.13468392672715934,7.42479094796356,0.8349625900319884,34037.0
199,Tennessee,Shelby,9,77,0.1342598146548702,7.4482450506178,0.8776017731069669,47157.0
648,Idaho,Ada,9,19,0.13410438097523458,7.456877938869668,0.756087103956921,16001.0
707,Connecticut,New London,12,17,0.133624841225653,7.483638452458811,0.8401969071008194,9011.0
678,New Mexico,San Juan,7,16,0.1334786838345192,7.491832937458049,0.9497220302179223,35045.0
247,Ohio,Montgomery,9,5,0.13264534787988225,7.538899901001848,0.9252776789750535,39113.0
293,Florida,Suwannee,7,5,0.13245681459540093,7.549630444115492,0.6685748583673902,12121.0
80,Texas,Jefferson,7,2,0.13183241199978785,7.585388030385193,0.8946775085753561,48245.0
717,Rhode Island,Kent,2,0,0.13149077986714655,7.605095969545266,0.6952021760885013,44003.0
612,New Jersey,Hunterdon,7,7,0.13148757948780473,7.605281075941842,0.9351192544006792,34019.0
45,Georgia,Thomas,7,2,0.13032669457659612,7.673025110080391,0.7938759883963675,13275.0
672,Utah,Utah,10,11,0.13007803543593943,7.6876929809758545,0.8446385209924825,49049.0
73,Texas,Cameron,11,21,0.1300103773291267,7.691693698176556,0.8474396106915603,48061.0
450,Louisiana,Calcasieu,6,19,0.12960159155496345,7.71595462680645,0.799217026921095,22019.0
632,Maryland,Frederick,14,56,0.129021439471008,7.750649846258357,0.7979284596199782,24021.0
722,Delaware,Sussex,5,42,0.12856134040661524,7.778388097364176,0.9142153466319037,10005.0
0,Georgia,Fulton,11,81,0.1280436157181022,7.809838814623733,0.9138966998222772,13121.0
54,Texas,Tarrant,7,68,0.12732780140039432,7.85374434335362,0.8960855370217954,48439.0
646,West Virginia,Berkeley,7,1,0.1272317331209004,7.859674433969726,0.8210128098910285,54003.0
482,Iowa,Linn,4,10,0.12665414686337068,7.895517239390189,0.6446847351212787,19113.0
469,Louisiana,St. Martin,5,13,0.12618404217786933,7.924932366569757,0.7877290179658246,22099.0
59,Texas,Galveston,10,33,0.12593689273809733,7.940484938592492,0.8269711223300701,48167.0
301,New York,Monroe,5,44,0.12565561206367895,7.95825975120973,0.8535710246257705,36055.0
290,Florida,St. Lucie,6,9,0.12564262938605833,7.959082079755988,0.9350513876459583,12111.0
557,Washington,Yakima,8,0,0.12520902551009797,7.986644700140655,0.8432054072877729,53077.0
1,Georgia,Gwinnett,11,51,0.12488115116638612,8.007613564257142,0.9024960899944121,13135.0
408,Pennsylvania,Chester,6,60,0.12425865418361165,8.047729203008615,0.8807580823782446,42029.0
2,Georgia,Cobb,9,28,0.12423880782622701,8.049014776435245,0.9342999712995796,13067.0
682,Arizona,Pima,11,31,0.12349308813108766,8.097619187711155,0.8384359969086714,4019.0
417,Pennsylvania,Westmoreland,5,12,0.12321442184054128,8.115933062561105,0.7763779086837449,42129.0
231,Ohio,Cuyahoga,5,38,0.12291150361202433,8.13593496631971,0.7904406778132748,39035.0
147,Indiana,Lawrence,8,3,0.12206451394811364,8.192389152715368,0.6476651134102355,18093.0
200,Tennessee,Davidson,5,84,0.12163097209468936,8.221590132663767,0.849160022340791,47037.0
43,Georgia,Colquitt,6,1,0.1215146900924952,8.229457683172418,0.6334315926218579,13071.0
452,Louisiana,Livingston,12,4,0.12140932110421564,8.23659988298277,0.7512598335831062,22063.0
674,New Mexico,Bernalillo,8,38,0.12014954984508404,8.322960854113557,0.9695560173678563,35001.0
457,Louisiana,Plaquemines,10,1,0.11986079632604758,8.343011482084444,0.7783137999837755,22075.0
659,Massachusetts,Barnstable,6,20,0.11985520892144456,8.343400416209024,0.7620814172215962,25001.0
165,North Carolina,Granville,10,4,0.11971701559117658,8.353031480628577,0.6152179030919895,37077.0
129,Indiana,Madison,9,58,0.11877695562046119,8.419141531084456,0.8719315265219634,18095.0
255,Ohio,Fairfield,7,5,0.1185416608356212,8.435852787541718,0.825657811075868,39045.0
319,New York,Niagara,5,10,0.11815115248403976,8.463734622775544,0.7589264380383282,36063.0
115,Virginia,Frederick,10,8,0.11776359150180088,8.49158884547698,0.8057040526147886,51069.0
514,Colorado,Denver,6,82,0.11740038709500022,8.517859478527967,0.8794962283153862,8031.0
328,Kentucky,Jefferson,11,59,0.11698111850824193,8.548388088198566,0.8751716633125082,21111.0
113,Virginia,Chesapeake city,4,8,0.11665993235890414,8.571923365457655,0.739713274013967,51550.0
484,Iowa,Scott,10,11,0.11655963366796211,8.579299441251269,0.8470813544068637,19163.0
719,Rhode Island,Providence,0,0,0.1165298297673404,8.581493699909858,0.5042855632945662,44007.0
701,Connecticut,Litchfield,10,31,0.11610351730010697,8.613003492522777,0.8404010764267579,9005.0
52,Texas,Collin,9,0,0.11561412909410948,8.64946185933731,0.8473852547871126,48085.0
510,Colorado,Jefferson,11,23,0.11553811967456308,8.655152107518333,0.8802948856628647,8059.0
494,Arkansas,St. Francis,5,0,0.11552395581120363,8.656213276095407,0.44090005395534215,5123.0
34,Georgia,Muscogee,11,24,0.11550879326545416,8.657349555214125,0.6351943608815417,13215.0
577,South Carolina,Sumter,6,16,0.11549283203021096,8.658546010356876,0.8063941851188776,45085.0
243,Ohio,Mahoning,3,24,0.11547123155541637,8.66016570993343,0.7620632433275291,39099.0
61,Texas,Travis,5,45,0.11520343030800324,8.680297082529924,0.8260104864688432,48453.0
366,Michigan,Lapeer,8,10,0.11507821070919191,8.689742339903487,0.7463668542735953,26087.0
430,Pennsylvania,Carbon,5,10,0.11502484770695126,8.693773736155682,0.8178034231562763,42025.0
99,Virginia,Prince William,11,38,0.11458435244105566,8.727195107328626,0.9193749591670979,51153.0
261,Florida,Lee,14,50,0.11457791151084126,8.727685701492131,0.836742946394732,12071.0
550,Washington,Pierce,7,37,0.11441633197013289,8.740011000012121,0.9219121892099207,53053.0
314,New York,Sullivan,4,24,0.11392291553019239,8.777865237613018,0.8549981211537573,36105.0
438,Louisiana,Terrebonne,15,11,0.11386549328168648,8.78229190582038,0.7362263065558318,22109.0
145,Indiana,Porter,5,2,0.11356074287455749,8.805859971386672,0.7690367765366285,18127.0
582,Oklahoma,Cleveland,8,5,0.11339095125235236,8.819045867024194,0.8647020910920671,40027.0
277,Florida,Osceola,10,10,0.11331042173512175,8.825313547394904,0.8543125429069848,12097.0
117,Virginia,Hampton city,6,9,0.1131749472272805,8.83587776711552,0.6321634349331667,51650.0
300,New York,Ulster,12,70,0.11311688062483582,8.840413512786004,0.823592993267422,36111.0
541,Wisconsin,Milwaukee,1,91,0.11309085533645946,8.842447932902044,0.7391643872256578,55079.0
617,New Jersey,Cape May,11,7,0.11275791633088993,8.868556927439878,0.6153707981791836,34009.0
192,California,Santa Barbara,9,17,0.11243744724438405,8.893834078485336,0.8519925051432707,6083.0
642,Nebraska,Gage,3,1,0.11147772895561092,8.970401616256355,0.551654157728735,31067.0
665,Massachusetts,Hampshire,6,17,0.11139515924367142,8.97705076943738,0.7346486307585097,25015.0
591,Kansas,Wyandotte,11,23,0.11136679282789877,8.979337328545997,0.9104953642198117,20209.0
630,Maryland,Howard,3,20,0.11135839593260836,8.980014408659207,0.8981203775306876,24027.0
136,Indiana,Hancock,10,9,0.11135179467757345,8.980546769772026,0.8773570656982629,18059.0
581,Oklahoma,Oklahoma,4,28,0.11127636945712611,8.986633953629228,0.8266684780814224,40109.0
71,Texas,Webb,7,3,0.11102213972514476,9.007212457584403,0.8666675131272392,48479.0
385,Illinois,DuPage,1,65,0.11089447365949835,9.017581913689419,0.9375626189087587,17043.0
309,New York,Putnam,4,49,0.11061185185192116,9.040622530565033,0.7705204704727007,36079.0
10,Georgia,Henry,10,16,0.1105678122439011,9.044223447182839,0.7761095067289485,13151.0
505,Alabama,Chambers,8,10,0.11055905355506732,9.04493994697521,0.8710755555268039,1017.0
619,New Jersey,Cumberland,10,27,0.11039956482755513,9.058006719156971,0.7766805534598913,34011.0
356,Michigan,Livingston,5,15,0.10973887197440162,9.112541271913805,0.6588830642673843,26093.0
683,Arizona,Navajo,3,1,0.10956840737993014,9.126718402800952,0.8695315077273923,4017.0
97,Virginia,Arlington,10,32,0.10952979004522653,9.129936244624268,0.9500134493125896,51013.0
204,Tennessee,Sumner,2,24,0.10946426269399726,9.13540159490644,0.6529438255673689,47165.0
321,New York,Steuben,8,28,0.1091546735335856,9.161311812199337,0.7722171170234561,36101.0
378,Missouri,Franklin,12,6,0.10894110328184306,9.179271825555924,0.6324310998156714,29071.0
455,Louisiana,Lafayette,4,27,0.10878687576667269,9.19228530971706,0.4164314739834724,22055.0
365,Michigan,Hillsdale,8,6,0.10851510601261401,9.215306852151608,0.8259519645649959,26059.0
691,Vermont,Chittenden,10,0,0.10836874058243008,9.227753267459592,0.8243015248040916,50007.0
164,North Carolina,Cumberland,10,3,0.10819302168576271,9.242740284160043,0.8421108941475947,37051.0
445,Louisiana,Ascension,4,27,0.10803570567765103,9.256199084622322,0.733113220088682,22005.0
585,Oklahoma,Wagoner,7,8,0.10693785872598241,9.351225206055418,0.583903714259261,40145.0
571,South Carolina,Richland,1,35,0.10670040591475778,9.372035574062325,0.9136646094517206,45079.0
560,Washington,Benton,6,19,0.10668022952056108,9.373808103846125,0.5619701912008055,53005.0
144,Indiana,Jackson,8,4,0.10630924459777547,9.406519666126243,0.6170201971055024,18071.0
390,Illinois,Kankakee,7,11,0.10515046748436938,9.510181209119684,0.8012075551610248,17091.0
106,Virginia,Richmond city,12,13,0.10470758284698127,9.550406692716717,0.6588604452794591,51760.0
197,California,Merced,11,19,0.10467574079511717,9.553311898287012,0.5961117847382308,6047.0
676,New Mexico,Sandoval,15,3,0.10430150617825464,9.587589255815422,0.7081293886214611,35043.0
508,Alabama,Marshall,8,8,0.10250838423561635,9.755299602630473,0.6309834545346886,1095.0
269,Florida,Pinellas,7,9,0.10242072189920656,9.763649205520263,0.7845184167695263,12103.0
64,Texas,Denton,3,0,0.10166198331117389,9.836518700792332,0.7245280089168743,48121.0
597,Oregon,Multnomah,13,15,0.10144370007047285,9.857684600475938,0.8520111084830204,41051.0
512,Colorado,El Paso,11,16,0.10140655568478155,9.861295389111353,0.7581778272219375,8041.0
381,Illinois,Kane,11,21,0.10107174229993852,9.893962221729785,0.8439842680919386,17089.0
649,Idaho,Blaine,4,6,0.10102963045765675,9.898086288844906,0.44190750091867437,16013.0
102,Virginia,Chesterfield,14,21,0.10101768204896087,9.899257038142329,0.7426003603183454,51041.0
258,Florida,Hillsborough,16,19,0.1006182795890248,9.938551961775715,0.8437990747862375,12057.0
183,California,Contra Costa,9,27,0.1004611290861907,9.954098755370838,0.8996083756036088,6013.0
668,Utah,Salt Lake,21,76,0.10007690442485376,9.99231546726033,0.8642514124868471,49035.0
283,Florida,Brevard,9,10,0.09991081310852516,10.008926650549622,0.7949724130892631,12009.0
593,Kansas,Sedgwick,5,11,0.09981880822780839,10.01815206727154,0.8701622839782716,20173.0
463,Louisiana,St. Mary,8,11,0.0997264640812176,10.02742861900324,0.5247427672149676,22101.0
468,Louisiana,Allen,8,1,0.09964834307817025,10.035289791176346,0.6729254512148248,22003.0
180,California,Alameda,6,32,0.0985219746337358,10.150019868334846,0.884297165774792,6001.0
280,Florida,Escambia,8,12,0.09851416867935371,10.150824124140195,0.7572667670389076,12033.0
27,Georgia,Randolph,14,7,0.09844645620239946,10.15780596453432,0.5016542620879992,13243.0
135,Indiana,Allen,5,14,0.09832373385432594,10.170484386624045,0.867728735990002,18003.0
81,Texas,Hidalgo,1,7,0.0981824879543997,10.18511570479294,0.8030746831174256,48215.0
349,Michigan,Ingham,13,17,0.09810948720200532,10.19269418808623,0.6850480049204208,26065.0
47,Georgia,Upson,8,8,0.09789598228071791,10.21492380690852,0.44428772258418847,13293.0
569,South Carolina,Greenville,4,54,0.09750712019693458,10.255661309454178,0.7748710552901227,45045.0
250,Ohio,Columbiana,12,11,0.09744887726773695,10.261790879873756,0.6324257859351461,39029.0
50,Texas,Fort Bend,14,53,0.0974265358808645,10.264144064639883,0.9014000790934393,48157.0
190,California,Tulare,15,16,0.09728995291702518,10.278553643178974,0.7666211225364774,6107.0
219,Mississippi,Jackson,8,13,0.09724911292288682,10.282870146002718,0.7875215103968216,28059.0
32,Georgia,Douglas,4,14,0.09662267243624233,10.349537792590683,0.8112823837135807,13097.0
44,Georgia,Ware,10,5,0.09657282608787301,10.354879736977827,0.5825796424343688,13299.0
78,Texas,Victoria,7,11,0.09655140501901982,10.357177089271858,0.7158477655788675,48469.0
96,Virginia,Loudoun,13,16,0.09628871392403145,10.385433133824659,0.8531120312688906,51107.0
684,Arizona,Coconino,6,4,0.09628516705407018,10.385815703455519,0.7805148403330209,4005.0
202,Tennessee,Rutherford,10,19,0.09613980121551398,10.401519322453426,0.8153160662474718,47149.0
148,North Carolina,Wake,15,20,0.0958930978528401,10.428279223334973,0.8233318196629864,37183.0
288,Florida,Martin,6,6,0.09584169181528729,10.433872577367154,0.6500375152357082,12085.0
121,Indiana,Johnson,12,22,0.09569055724440646,10.450351934369726,0.8721833105471924,18081.0
627,Maryland,Charles,13,40,0.09552150756789864,10.46884649814786,0.8023402035066889,24017.0
253,Ohio,Portage,4,8,0.09542136973894849,10.479832795691113,0.7237694281672045,39133.0
542,Wisconsin,Kenosha,12,12,0.09463166940293351,10.567286895701756,0.7922375099428839,55059.0
567,South Carolina,Lexington,13,23,0.09448970909449132,10.583163072287405,0.8111658225370598,45063.0
621,South Dakota,Minnehaha,19,78,0.09442398142146365,10.590529915662808,0.7068592266435146,46099.0
656,Massachusetts,Berkshire,14,25,0.09428869786891864,10.605724997816948,0.713233505546614,25003.0
207,Tennessee,Wilson,8,6,0.09418952666079025,10.616891659317423,0.7859218695610917,47189.0
449,Louisiana,Assumption,12,11,0.09418064400199264,10.617892992734712,0.726944916236645,22007.0
60,Texas,El Paso,11,27,0.09388932663979459,10.650837915117759,0.8532537443590259,48141.0
377,Missouri,Jefferson,5,9,0.09369598963027259,10.672815388855302,0.6442845037379631,29099.0
267,Florida,Collier,8,24,0.0935967179759402,10.684135316123564,0.8593596970529616,12021.0
63,Texas,Brazoria,10,0,0.09334203416783549,10.713286987103048,0.8018173615429727,48039.0
371,Missouri,Jackson,6,16,0.09220402579245271,10.845513429651726,0.688861099029448,29095.0
446,Louisiana,Washington,11,17,0.09205335257868538,10.863265399760643,0.6927059482261886,22117.0
709,Nevada,Washoe,16,26,0.09187021196596297,10.8849210054124,0.8542512592776744,32031.0
217,Mississippi,Hinds,5,16,0.09153809133753743,10.924413928542615,0.7640899218145587,28049.0
119,Indiana,Hendricks,17,31,0.09150794339485865,10.928013054396594,0.7847888931474081,18063.0
549,Washington,King,1,231,0.09116390747945013,10.969253377225156,0.8283931132526644,53033.0
9,Georgia,Lee,14,13,0.09109899407546464,10.977069616944611,0.8495996988673724,13177.0
25,Georgia,Early,10,2,0.09094463855533896,10.995700416044969,0.7589713433524945,13099.0
272,Florida,Seminole,11,9,0.09034934345981022,11.068149050190128,0.7581611729890928,12117.0
340,Kentucky,Hopkins,3,6,0.08994937441276334,11.117364701294747,0.4514049352327388,21107.0
20,Georgia,Richmond,12,45,0.08925115832009534,11.204336378622047,0.7098781690909032,13245.0
348,Michigan,St. Clair,17,17,0.08924088680431426,11.205625983892128,0.6522413207156533,26147.0
395,Illinois,Rock Island,10,7,0.08923662397517852,11.20616127609392,0.7488045272338532,17161.0
380,Illinois,Cook,45,1057,0.08893648294415837,11.24397960090104,0.7327262912946517,17031.0
21,Georgia,Houston,10,4,0.08881736524181505,11.25905950122918,0.7110179262476297,13153.0
580,Oklahoma,Tulsa,17,6,0.08799442757469385,11.364355988919327,0.8072863776385486,40143.0
696,New Hampshire,Rockingham,14,28,0.0871680529164688,11.472092888873837,0.8396148315366685,33015.0
352,Michigan,Monroe,10,9,0.08713500252255565,11.476444265220985,0.8290874894189424,26115.0
677,New Mexico,McKinley,11,29,0.08698247751072131,11.496568373518008,0.6434991114410162,35031.0
460,Louisiana,De Soto,7,6,0.08684659303402208,11.514556473254522,0.7283633730544024,22031.0
412,Pennsylvania,Beaver,9,10,0.08679440207629258,11.521480372904655,0.8068258961827118,42007.0
500,Alabama,Lee,7,9,0.08665843141840716,11.539558051446445,0.8101774202026792,1081.0
33,Georgia,Terrell,8,5,0.08597431160469524,11.631381296752226,0.6100185828082356,13273.0
89,Texas,Randall,5,8,0.0858966815226337,11.64189328707071,0.6172423429935312,48381.0
171,California,Los Angeles,44,475,0.08574414400903459,11.662604036196726,0.7430848705532028,6037.0
276,Florida,Sarasota,9,10,0.08568179697509315,11.671090421816084,0.8711196554969625,12115.0
443,Louisiana,Bossier,9,4,0.08526543557490604,11.728081763230962,0.7215213347534517,22015.0
629,Maryland,Carroll,11,11,0.08512626014354993,11.747256349729005,0.662563577296787,24013.0
346,Michigan,Kent,9,17,0.08507790787292385,11.75393266009367,0.880843571794686,26081.0
714,Hawaii,Honolulu,11,9,0.08447137186429533,11.838330287881634,0.8322430249827164,15003.0
353,Michigan,Jackson,10,9,0.08436997729114763,11.852557415645093,0.8906562375071716,26075.0
636,Maryland,St. Mary's,9,6,0.08436562615963013,11.853168707689992,0.6423813701253542,24037.0
651,Idaho,Canyon,4,6,0.08428800261008283,11.86408467437543,0.551918247412549,16027.0
187,California,Ventura,9,24,0.08424032751234233,11.870799052312407,0.8419083492069432,6111.0
590,Kansas,Johnson,12,11,0.08418788509729505,11.878193624228837,0.7823959619377153,20091.0
459,Louisiana,St. James,4,3,0.08417587638881836,11.87988819244223,0.5902922318501231,22093.0
382,Illinois,McHenry,14,8,0.08406998984436201,11.894850967048892,0.7537495986177931,17111.0
462,Louisiana,Rapides,4,8,0.08400302209468287,11.904333618769853,0.8459159064306966,22079.0
566,South Carolina,Beaufort,11,2,0.08385896368708784,11.924783660950185,0.6228228830215924,45013.0
146,Indiana,Dearborn,11,7,0.08374077671772621,11.941613622367088,0.7770923345661406,18029.0
523,Colorado,Boulder,4,17,0.08352872952840681,11.971928768052381,0.7521822547849375,8013.0
182,California,San Mateo,9,5,0.08337813993988455,11.993551315980397,0.8503836199221255,6081.0
384,Illinois,St. Clair,12,15,0.08305023229495691,12.040905514248916,0.7673547325082524,17163.0
562,South Carolina,Charleston,14,15,0.0827965864141427,12.077792615725368,0.6630324000201494,45019.0
42,Georgia,Crisp,10,3,0.08243584413276667,12.130645479767935,0.6401151634919298,13081.0
568,South Carolina,Horry,15,18,0.08239465556064769,12.136709513445767,0.8115437347773458,45051.0
95,Virginia,Virginia Beach city,17,5,0.08230844225627162,12.149422010520475,0.7733601000366567,51810.0
281,Florida,Lake,7,9,0.08229483143377683,12.151431415285252,0.7520799320641715,12069.0
406,Pennsylvania,Pike,13,27,0.08175168775878909,12.232163364633294,0.8845147459312015,42103.0
55,Texas,Montgomery,13,21,0.0815371560971536,12.2643472971816,0.8378617894187428,48339.0
389,Illinois,Madison,13,12,0.08101033331292191,12.344104253185323,0.6236527425801593,17119.0
341,Kentucky,Campbell,7,1,0.08097725908834857,12.349146059747103,0.3415839883467362,21037.0
159,North Carolina,Rowan,12,4,0.08093994141903425,12.354839680731901,0.7450377212179211,37159.0
174,California,San Diego,31,68,0.0808960033438999,12.361550121936977,0.815664968208938,6073.0
496,Alabama,Jefferson,1,32,0.08084120028607272,12.369930140340573,0.7602302043594859,1073.0
471,Louisiana,Union,11,2,0.08066915096390663,12.396312444733981,0.5283985517423286,22111.0
339,Kentucky,Boone,8,2,0.0804858331106559,12.424546797262453,0.6425948679950608,21015.0
481,Iowa,Muscatine,15,10,0.08022686404356232,12.464652730998072,0.48263645230415225,19139.0
653,Massachusetts,Suffolk,42,493,0.07970113401431408,12.546872919278702,0.7131648908977266,25025.0
362,Michigan,Kalamazoo,9,3,0.07965781550919158,12.553696000922994,0.7764071309253269,26077.0
330,Kentucky,Kenton,15,0,0.07945282043580457,12.586085610490935,0.6439130210246774,21117.0
357,Michigan,Clinton,10,5,0.079047667655817,12.650594630497128,0.6329238383734449,26037.0
424,Pennsylvania,Columbia,12,16,0.07897371649183342,12.662440675479782,0.4620030142985801,42037.0
188,California,San Joaquin,8,12,0.07893273644710073,12.669014720782949,0.6913021046633964,6077.0
100,Virginia,Alexandria city,19,25,0.07875948833898896,12.696882891060653,0.6337185772323939,51510.0
509,Alabama,Etowah,7,11,0.07828702114237683,12.77350939412228,0.5899562153898956,1055.0
46,Georgia,Calhoun,10,2,0.07770134212027478,12.869790568766351,0.40181476044648295,13037.0
483,Iowa,Tama,11,7,0.0775655390040301,12.892323225498926,0.49363935375254575,19171.0
85,Texas,Guadalupe,12,2,0.0775301040293151,12.898215635334212,0.7267733051238172,48187.0
705,Connecticut,Tolland,3,7,0.07746415344934868,12.909196776466006,0.8674345029660967,9013.0
579,South Carolina,Clarendon,9,5,0.07726296184349297,12.942812133265626,0.6949804438704226,45027.0
122,Indiana,St. Joseph,17,15,0.07723426027252307,12.947621903433454,0.7680540759216559,18141.0
198,Tennessee,Williamson,11,11,0.0771408160219089,12.963305958754548,0.8057451367437642,47187.0
594,Kansas,Shawnee,9,3,0.07710462606336764,12.969390438106274,0.753633301975597,20177.0
140,Indiana,Morgan,6,7,0.07684238659846354,13.013650984390365,0.5223111646283819,18109.0
554,Washington,Whatcom,10,7,0.07670590772576116,13.0368055036282,0.5589158019675529,53073.0
478,Iowa,Polk,10,7,0.07670567408512853,13.036845212913356,0.6264469293428679,19153.0
235,Ohio,Butler,16,4,0.07506393025954038,13.321977633497326,0.6415962795731078,39017.0
141,Indiana,Ripley,7,2,0.07487758717822628,13.355131190589312,0.6406535189906272,18137.0
208,Tennessee,Montgomery,11,5,0.07485320879215046,13.359480724156555,0.5525874948510558,47125.0
689,Maine,York,6,5,0.07442332049810388,13.436648530422364,0.7528126647872806,23031.0
201,Tennessee,Knox,11,7,0.07435449074399296,13.449086800191543,0.7546492628243839,47093.0
176,California,Sacramento,20,40,0.074168295703318,13.482849922831164,0.8273788495578218,6067.0
511,Colorado,Douglas,14,12,0.07411229732093855,13.493037406053737,0.7237991192980041,8035.0
137,Indiana,Elkhart,16,5,0.07402807194392266,13.508389098091255,0.6966124172826879,18039.0
156,North Carolina,Guilford,6,2,0.07388382472149167,13.534762226638158,0.7929195555761831,37081.0
487,Arkansas,Pulaski,6,15,0.07388301527399244,13.534910510778923,0.6121624562071132,5119.0
107,Virginia,Norfolk city,9,4,0.07384398402342926,13.54206457336754,0.6374483959774637,51710.0
19,Georgia,Forsyth,10,10,0.0734821719124191,13.60874310018852,0.7348597628514049,13117.0
635,Maryland,Washington,11,6,0.07339356428262837,13.625172857788177,0.47653965358178857,24043.0
499,Alabama,Shelby,6,2,0.07311023092957004,13.67797621872292,0.622345850328909,1117.0
130,Indiana,Clark,10,8,0.07297830911134276,13.702701695572356,0.6820135764219825,18019.0
454,Louisiana,Iberia,9,13,0.07297618249858927,13.70310100859731,0.468080071977966,22045.0
572,South Carolina,York,9,5,0.07293229104898878,13.711347684502298,0.7399310860588479,45091.0
70,Texas,Williamson,6,7,0.07267690038217411,13.759530122246048,0.6527046469766408,48491.0
374,Missouri,Kansas City,1,26,0.07241550801788901,13.809196778029467,0.5529510452251987,
160,North Carolina,Orange,6,6,0.0716886023609896,13.949218802794858,0.6837659488066012,37135.0
36,Georgia,Spalding,14,5,0.07090444483589789,14.103488184900286,0.46225061810699714,13255.0
212,Tennessee,Putnam,9,2,0.07084016499168834,14.116285586253642,0.23721363224818945,47141.0
325,New York,Chemung,9,0,0.0706456772099589,14.155147766904417,0.6053148859279045,36015.0
213,Tennessee,Madison,11,9,0.07038371231089423,14.207832567609774,0.5949649221818201,47113.0
230,Mississippi,Lauderdale,1,19,0.07032634205100444,14.219422919433892,0.569082343389839,28075.0
69,Texas,Brazos,7,2,0.06992633087593289,14.300764640064621,0.7589798838671157,48041.0
596,Oregon,Marion,13,11,0.06965831041923257,14.355788907046206,0.6705488374935477,41047.0
238,Ohio,Summit,6,14,0.06941341575674116,14.40643698481131,0.5694383554575261,39153.0
251,Ohio,Licking,10,1,0.06929508457692156,14.431038018143148,0.6364855278264716,39089.0
264,Florida,Volusia,16,11,0.06928618784288254,14.432891044137962,0.6690978256613181,12127.0
86,Texas,Hardin,12,0,0.06923478838300078,14.443605929263303,0.5548638174248987,48199.0
453,Louisiana,St. Landry,10,13,0.06882775220972276,14.52902307419445,0.34278187381493497,22097.0
38,Georgia,Coffee,13,3,0.06842337438250952,14.614888684233343,0.41263877361366935,13069.0
513,Colorado,Eagle,6,32,0.0682376948496289,14.654656816934349,0.7174674414041493,8037.0
466,Louisiana,Acadia,6,5,0.06809196559912584,14.686020460728747,0.23593517496865787,22001.0
595,Oregon,Washington,19,9,0.06773096022219065,14.764296810786549,0.7322054365145773,41067.0
39,Georgia,Barrow,14,3,0.06766006794254249,14.77976641775188,0.44882998091002074,13013.0
233,Ohio,Trumbull,13,17,0.06754533065329911,14.804872377231558,0.830606590258232,39155.0
391,Illinois,Kendall,12,6,0.06742067600553409,14.832245228717628,0.6955434134705483,17093.0
598,Oregon,Clackamas,13,7,0.06668822864506498,14.99515012345438,0.7583747877021354,41005.0
124,Indiana,Floyd,15,5,0.06646168155518958,15.04626390124666,0.5718138503682212,18043.0
30,Georgia,Worth,9,8,0.06634321940879637,15.073130440628137,0.46534754310089177,13321.0
138,Indiana,Delaware,18,7,0.06616388925314984,15.113984550906572,0.6195322527933294,18035.0
637,Maryland,Cecil,11,10,0.06606129366709354,15.13745711731528,0.4798497428284032,24015.0
186,California,Fresno,17,18,0.06566127273768302,15.22967737763785,0.7120686025148976,6019.0
431,Pennsylvania,Lawrence,13,8,0.06509309090966538,15.36261354354452,0.7313535227375886,42073.0
256,Ohio,Pickaway,10,5,0.06508008650003413,15.365683326181127,0.458537582695754,39129.0
477,Iowa,Johnson,15,14,0.06490809976913228,15.40639771549067,0.7692478899973627,19103.0
475,Louisiana,West Feliciana,8,3,0.06482697577898353,15.425677165773223,0.38288049058429396,22125.0
291,Florida,Marion,6,8,0.06481807985360863,15.42779425522163,0.6471531123602655,12083.0
287,Florida,Indian River,10,2,0.06459874647364199,15.480176545036006,0.5559836520492785,12061.0
532,Minnesota,Hennepin,1,40,0.0644074059923261,15.526164803456707,0.7302890920885592,27053.0
266,Florida,Pasco,16,4,0.06418330722782724,15.580375072452503,0.7008401195128731,12101.0
559,Washington,Franklin,9,14,0.06395029897236883,15.637143470307661,0.6361345441999252,53021.0
360,Michigan,Berrien,5,8,0.0632460532504397,15.81126329006226,0.6046778562744057,26021.0
11,Georgia,Coweta,13,13,0.06317509658643441,15.829022099425329,0.5630621810914328,13077.0
244,Ohio,Miami,7,3,0.06310560434343457,15.846453106728529,0.7017538052587908,39109.0
407,Pennsylvania,Cumberland,16,8,0.06300775382454317,15.871062516919526,0.6983108414106487,42041.0
241,Ohio,Lake,8,2,0.06294970849038121,15.88569707440029,0.6995780415475367,39085.0
172,California,Santa Clara,33,42,0.06272670116334689,15.942174248824204,0.8298371068488551,6085.0
28,Georgia,Unknown,0,275,0.06262363933034323,15.96841082206902,0.06472963633534819,
501,Alabama,Madison,4,0,0.06246713644206601,16.00841749689345,0.44946931213162766,1089.0
232,Ohio,Stark,16,5,0.06238906722754483,16.028449285077613,0.5406323828681885,39151.0
285,Florida,Leon,12,13,0.062373634640910204,16.032415070198756,0.6729903793133535,12073.0
270,Florida,St. Johns,11,2,0.06204911024347819,16.116266552026946,0.6641986605621457,12109.0
392,Illinois,McLean,11,6,0.061534576176003795,16.251026043305437,0.6157642055028322,17113.0
88,Texas,Taylor,11,20,0.06134469612215825,16.301327795456974,0.5274410453312448,48441.0
358,Michigan,Calhoun,12,8,0.06125035729266244,16.326435374439786,0.6586626043335045,26025.0
551,Washington,Clark,17,26,0.06120089895065728,16.33962927254127,0.587828980605278,53011.0
162,North Carolina,Davidson,8,3,0.06067163845174181,16.48216572880918,0.6799987070081301,37057.0
538,Wisconsin,Waukesha,8,9,0.060403340950657004,16.555375650775538,0.7284020545184406,55133.0
426,Pennsylvania,Fayette,16,4,0.06025436281556167,16.596308603594323,0.43820662207332206,42051.0
716,Rhode Island,Unknown,15,288,0.060016002362831875,16.66222275109919,0.4182684051321125,
492,Arkansas,Crittenden,11,12,0.05995750943199313,16.678477966704925,0.7986297019046273,5035.0
3,Georgia,Cherokee,14,10,0.059743239455511875,16.738295564716665,0.8399940403488837,13057.0
563,South Carolina,Kershaw,11,7,0.05965445273952691,16.763208010077044,0.7090875384073483,45055.0
564,South Carolina,Spartanburg,18,11,0.05964836977112962,16.764917529799945,0.6816855360211069,45083.0
458,Louisiana,West Baton Rouge,13,4,0.059433625802090245,16.82549207631937,0.36526009255800435,22121.0
249,Ohio,Warren,17,19,0.059394859950946746,16.83647374243973,0.6406636484240739,39165.0
49,Texas,Bexar,35,50,0.05930951037921761,16.860702332663426,0.7347689135088031,48029.0
664,Massachusetts,Franklin,6,7,0.05925803389557836,16.87534894867001,0.51149716742682,25011.0
75,Texas,Potter,11,8,0.058836031137803606,16.996387768879863,0.5018734699416152,48375.0
151,North Carolina,Forsyth,15,6,0.058473759478736086,17.101688157465723,0.575828342962806,37067.0
423,Pennsylvania,Butler,3,10,0.05747031253658953,17.40028818119497,0.37062340157780455,42019.0
394,Illinois,Champaign,6,7,0.05710655599984745,17.51112429197571,0.4054492928324508,17019.0
307,New York,Broome,13,7,0.056985186680429914,17.54842018168599,0.77333919683132,36007.0
576,South Carolina,Berkeley,11,6,0.05653831906320284,17.687119400952188,0.34835691550497977,45015.0
669,Utah,Davis,14,10,0.056272783068378886,17.770580118364993,0.7305355044928825,49011.0
708,Connecticut,Unknown,0,15,0.056238302755701866,17.781475453553092,0.38559459290409975,
311,New York,Onondaga,3,11,0.0559399869430044,17.876300203982357,0.15338656217954913,36067.0
547,Washington,Snohomish,43,100,0.05593734694344591,17.8771438876253,0.783733896039611,53061.0
327,Kentucky,Fayette,18,0,0.0558738994193527,17.89744425200501,0.5823023838070975,21067.0
634,Maryland,Calvert,13,10,0.055687331160696865,17.957405735862995,0.47847267649969594,24009.0
273,Florida,Clay,15,34,0.0554544078971152,18.032831616475,0.7187584282380961,12019.0
680,Arizona,Maricopa,51,52,0.05513753211758711,18.13646642485531,0.6202691958794233,4013.0
530,Minnesota,Olmsted,14,12,0.05502662013680585,18.1730223937764,0.6981380885529933,27109.0
679,North Dakota,Cass,11,5,0.05442041831194847,18.375455959706237,0.7581739090152697,38017.0
163,North Carolina,Henderson,11,0,0.05388659298981613,18.55749166010527,0.26270307739526444,37089.0
322,New York,St. Lawrence,6,2,0.05381822507212925,18.581066147383375,0.2928572717785535,36089.0
132,Indiana,Shelby,13,2,0.05337760870742451,18.734447350034735,0.6431156938354163,18145.0
556,Washington,Island,11,4,0.05324900931043561,18.779692109765175,0.3812727819866331,53029.0
645,West Virginia,Kanawha,10,1,0.05306725358502876,18.84401269038197,0.6352183301734079,54039.0
237,Ohio,Lorain,7,10,0.05297094263113274,18.878274584682725,0.5113991652064486,39093.0
203,Tennessee,Hamilton,11,4,0.052787002690276176,18.944057230667667,0.5631899456078037,47065.0
259,Florida,Manatee,26,21,0.05261249868918231,19.006890471172596,0.5173614276691741,12081.0
650,Idaho,Twin Falls,12,3,0.05227851680645801,19.12831620112966,0.5211491882004226,16083.0
62,Texas,Hays,15,1,0.052067364016639854,19.20588873445594,0.4550179204173184,48209.0
125,Indiana,Bartholomew,16,0,0.05142674297548955,19.44513578230317,0.33138256119956555,18005.0
332,Kentucky,Daviess,10,7,0.051393277188197,19.45779788158091,0.5288543435088473,21059.0
7,Georgia,Bartow,5,5,0.0513163710416845,19.486958639138685,0.38845564328812493,13015.0
570,South Carolina,Anderson,14,4,0.0512976578119437,19.49406742245391,0.581047247156548,45007.0
305,New York,Schenectady,4,24,0.05078548600432854,19.690665161986797,0.6474844461303709,36093.0
167,North Carolina,Burke,10,2,0.05075147394662854,19.703861232712647,0.299861643831039,37023.0
552,Washington,Kitsap,16,5,0.05071261059364447,19.718961187246084,0.5936164008689682,53035.0
189,California,Stanislaus,15,13,0.05007621921017067,19.969558720137886,0.6863963761752084,6099.0
575,South Carolina,Florence,17,11,0.05006397542991592,19.97444252903748,0.5408836410636975,45041.0
303,New York,Albany,2,47,0.04983301632904303,20.06701728422554,0.3916939959838958,36001.0
507,Alabama,Tallapoosa,13,5,0.04978715970507973,20.085500075192503,0.4418131769739286,1123.0
529,Minnesota,Ramsey,20,3,0.04955861724412648,20.178125533123435,0.6454392529321495,27123.0
173,California,San Francisco,39,73,0.04938495202413828,20.249083152115283,0.719471363257521,6075.0
252,Ohio,Wood,13,7,0.04914617302121849,20.347464279024486,0.37896379032943456,39173.0
320,New York,Genesee,16,9,0.0489802529323562,20.416391099103596,0.24700431056349015,36037.0
497,Alabama,Tuscaloosa,19,5,0.04859684287458511,20.577468428982538,0.44921388206089546,1125.0
515,Colorado,Larimer,10,3,0.048553164386530755,20.595979945591605,0.563859423461548,8069.0
268,Florida,Alachua,9,13,0.04838040111347235,20.669526853540965,0.7419420339000377,12001.0
92,Texas,Moore,9,6,0.048240121101668566,20.72963286913082,0.09914690617974636,48341.0
109,Virginia,Newport News city,11,4,0.047911737088814514,20.871712460483096,0.4538029317108888,51700.0
161,North Carolina,Pitt,17,3,0.047889045662718566,20.881602173552942,0.43531726104357793,37147.0
170,California,Orange,49,59,0.047756971745447685,20.93935112406541,0.6588913115259801,6059.0
317,New York,Columbia,9,4,0.047661557069077785,20.981270052731603,0.3709064992587393,36021.0
540,Wisconsin,Racine,18,16,0.04755862358866545,21.026680852856472,0.5920337919656254,55101.0
548,Washington,Spokane,26,9,0.046804207247062316,21.365600633322668,0.622005574679139,53063.0
681,Arizona,Pinal,18,1,0.04670701875640422,21.41005841574689,0.6701990216185396,4021.0
166,North Carolina,Union,3,7,0.04651396997959001,21.498917431446785,0.698948343685999,37179.0
23,Georgia,Rockdale,9,4,0.0464964062080677,21.507038533797214,0.21614602361579288,13247.0
218,Mississippi,Harrison,14,3,0.04603395244931573,21.723096688276314,0.6169256223895926,28047.0
239,Ohio,Medina,10,5,0.045811089898344474,21.828775569824156,0.5089483454613711,39103.0
671,Utah,Summit,2,7,0.04580102657604357,21.8335717506178,0.4425285985544143,49043.0
398,Illinois,Randolph,3,1,0.04579860547095937,21.83472596418016,0.0979626966890099,17157.0
98,Virginia,James City,8,2,0.04502641508304086,22.209185389414863,0.3045417678703214,51095.0
40,Georgia,Pierce,13,3,0.04454677272458801,22.44831530630816,0.4918273809112876,13229.0
355,Michigan,Eaton,10,0,0.04444427230380308,22.500087146537222,0.272941546761914,26045.0
367,Michigan,Unknown,0,65,0.04426736788152324,22.590003604379426,0.13276153348781322,
245,Ohio,Delaware,8,4,0.043964660093761196,22.74554148416821,0.37850402253356796,39041.0
480,Iowa,Washington,11,5,0.0437276136863524,22.868844551471714,0.3779996855821913,19183.0
154,North Carolina,Durham,0,16,0.043514468404065476,22.98086215173829,0.759995726944781,37063.0
387,Illinois,Winnebago,17,11,0.04349506153685699,22.991115879962987,0.3470783519760557,17201.0
139,Indiana,Harrison,13,-1,0.043437173401474224,23.021755830135593,0.3273853012175634,18061.0
420,Pennsylvania,Centre,14,2,0.04339412613755743,23.044593566190155,0.539848767229018,42027.0
222,Mississippi,Madison,8,7,0.04333943282207962,23.073675285629076,0.6315680217703499,28089.0
502,Alabama,Calhoun,16,0,0.04311457857829616,23.194010772574245,0.3945495537865546,1015.0
22,Georgia,Columbia,19,7,0.042821790592968145,23.35259656713683,0.3469433557210457,13073.0
298,New York,Saratoga,11,10,0.04279559568046342,23.366890543283386,0.5324840085614531,36091.0
91,Texas,Ector,11,5,0.04267977371175868,23.430302296201976,0.22000133059963684,48135.0
525,Colorado,Broomfield,12,7,0.042606216245750124,23.47075352178798,0.33938824013850627,8014.0
592,Kansas,Leavenworth,18,5,0.042595748870640666,23.476521167333086,0.45055691102836,20103.0
421,Pennsylvania,Franklin,17,5,0.04240215585166385,23.58370653365636,0.2855839542577559,42055.0
284,Florida,Sumter,6,7,0.042380998616522815,23.59547987644954,0.3839678437297626,12119.0
456,Louisiana,Webster,13,2,0.04218958533336554,23.70253208459843,0.171640512046493,22119.0
688,Maine,Cumberland,1,7,0.041243336955283955,24.24634071399704,0.40496772337034687,23005.0
685,Arizona,Yavapai,11,0,0.04101486095663064,24.381406560353962,0.43302712951434913,4025.0
558,Washington,Grant,11,0,0.040982540534475434,24.400634683903444,0.3792251011831894,53025.0
57,Texas,Smith,12,11,0.04086995732909048,24.467850356384357,0.4429544740371918,48423.0
694,Vermont,Franklin,17,33,0.04079532663393393,24.51261167665687,0.26749202519514126,50011.0
120,Indiana,Boone,19,6,0.040688396739060585,24.577031295017992,0.5441475517580595,18011.0
155,North Carolina,Iredell,16,3,0.04058334552706937,24.640649680618203,0.5200978414759291,37097.0
486,Arkansas,Jefferson,18,-1,0.04048834028191892,24.6984685723602,0.46419883642630483,5069.0
686,Arizona,Apache,16,3,0.04020404036396893,24.87312197846178,0.1851808204571655,4001.0
713,Alaska,Fairbanks North Star Borough,11,3,0.040151121632498114,24.905904476417042,0.5089643871805276,2090.0
216,Mississippi,Pearl River,23,4,0.03975205881453978,25.15592977625195,0.4642382056088831,28109.0
150,North Carolina,Cabarrus,14,8,0.03934665756440664,25.415119400246326,0.6411551437302936,37025.0
573,South Carolina,Dorchester,11,7,0.039235836436427085,25.486904086275228,0.2644376922321602,45035.0
495,Alabama,Montgomery,16,2,0.039173437746866054,25.527501733748192,0.5547936459147481,1101.0
279,Florida,Citrus,18,6,0.03896804196317973,25.662054073563247,0.338855058601774,12017.0
254,Ohio,Washington,13,1,0.03870620742248341,25.835649281906306,0.21370465931798377,39167.0
706,Connecticut,Windham,12,7,0.038300109157857386,26.10958616014406,0.5038542304955013,9015.0
396,Illinois,Unknown,0,13,0.03820392619873864,26.175320169920557,0.26063222634738126,
196,California,Imperial,6,0,0.037780260785021995,26.468848526224324,0.453177921575535,6025.0
228,Mississippi,Rankin,4,3,0.03773001711539121,26.504096113756333,0.2717936197949522,28121.0
363,Michigan,Muskegon,14,4,0.03765632705959697,26.55596225349714,0.34379576474827006,26121.0
158,North Carolina,Gaston,9,9,0.03744655121243028,26.704728943584332,0.577472662460842,37071.0
12,Georgia,Newton,14,7,0.03707198834722204,26.9745445168423,0.5174136689835444,13217.0
698,New Hampshire,Merrimack,16,3,0.036970971092770144,27.04824813745709,0.5252086287784538,33013.0
181,California,Placer,20,3,0.036789920661943525,27.18135788301459,0.528384131791876,6061.0
15,Georgia,Clarke,9,-1,0.036344386420749254,27.514565479886414,0.396157834094808,13059.0
666,Montana,Gallatin,9,6,0.03626311798554165,27.576227736365823,0.30424176756798255,30031.0
77,Texas,Nueces,6,3,0.03609689710486208,27.703212192864765,0.5856582770373621,48355.0
715,Hawaii,Maui,19,9,0.03582497819660708,27.913485236809112,0.3613598926717519,15009.0
58,Texas,Bell,12,0,0.035583148767126,28.10319026414729,0.5746249049225018,48027.0
31,Georgia,Tift,17,1,0.035486860787290644,28.179443822716,0.4276299399357843,13277.0
448,Louisiana,Unknown,12,3,0.035028221239048765,28.54840938612149,0.22294277482484653,
624,Maryland,Harford,18,9,0.034950704709104295,28.61172638214389,0.5618752129217975,24025.0
670,Utah,Weber,16,3,0.03492887882775511,28.62960488744294,0.5439114814897124,49057.0
24,Georgia,Bibb,13,2,0.03482605295270816,28.714135401963134,0.48589136497113555,13021.0
587,Oklahoma,Delaware,14,9,0.03474911584517764,28.77771061731277,0.120411340010176,40041.0
306,New York,Tompkins,11,0,0.03461517652515979,28.889062555355085,0.19678757139436015,36109.0
221,Mississippi,Bolivar,15,4,0.034585744092377385,28.913647117986905,0.40937618153412386,28011.0
543,Wisconsin,Brown,14,5,0.03455310178920895,28.94096183030096,0.39784367984963764,55009.0
286,Florida,Hernando,13,2,0.034494460141938806,28.990162358975063,0.48726720617347263,12053.0
473,Louisiana,Pointe Coupee,13,6,0.03379909402703494,29.586591853619755,0.29895551234188156,22077.0
263,Florida,Charlotte,23,23,0.033684958114003676,29.686841129966407,0.5018123143399118,12015.0
29,Georgia,Carroll,2,5,0.03365694145482988,29.71155300436537,0.15569467455961142,13045.0
338,Kentucky,Muhlenberg,13,10,0.0336434123557925,29.723500976197105,0.13474384916518098,21177.0
476,Louisiana,Franklin,5,3,0.03342730404560823,29.915664112056405,0.17970308022175754,22041.0
5,Georgia,Fayette,17,0,0.03323269864889036,30.090845482191675,0.5192346809436684,13113.0
79,Texas,Comal,15,8,0.03309424725342708,30.216732000044054,0.21636945563117627,48091.0
640,Nebraska,Lancaster,15,5,0.03305605900732224,30.25164009352991,0.15111285642627018,31109.0
537,Wisconsin,Dane,40,6,0.033010042979925325,30.293810905006648,0.6183211103507971,55025.0
17,Georgia,Paulding,11,5,0.03265079999207444,30.62712093555861,0.558334394980253,13223.0
638,Nebraska,Douglas,37,11,0.03242257993643559,30.842702892875838,0.5241511873317356,31055.0
4,Georgia,Floyd,19,4,0.03220812165747654,31.048069509755717,0.287928105158659,13115.0
331,Kentucky,Christian,17,9,0.03202921251654733,31.22149817087659,0.2691952001204178,21047.0
720,Rhode Island,Newport,4,0,0.03140418227683884,31.842892490708742,0.26217493846095674,44005.0
673,Utah,Wasatch,9,8,0.03131187770864865,31.936762442189476,0.2847169708709806,49051.0
488,Arkansas,Garland,22,3,0.03117694368428016,32.074984967311394,0.3583126221011579,5051.0
712,Alaska,Anchorage,10,3,0.030592549245267185,32.68769764764552,0.3271142581070728,2020.0
225,Mississippi,Yazoo,15,8,0.030360233544367354,32.937823042060465,0.19438332570274033,28163.0
464,Louisiana,Avoyelles,9,0,0.02999432570354624,33.339639299901634,0.16663181923602796,22009.0
220,Mississippi,DeSoto,2,8,0.029821254097169028,33.53313032180398,0.2354881067866513,28033.0
108,Virginia,Portsmouth city,17,4,0.029471497292619324,33.93108908146429,0.30457103660013524,51740.0
18,Georgia,Troup,20,2,0.029412617475009336,33.999014227470845,0.2664557467801749,13285.0
205,Tennessee,Robertson,6,3,0.029369779810712798,34.048603920252894,0.240233824403646,47147.0
644,West Virginia,Monongalia,4,0,0.029142987108106713,34.313572465666354,0.11268588134049351,54061.0
334,Kentucky,Jessamine,18,5,0.028948644731026648,34.54393147905186,0.14023349780571995,21113.0
179,California,Sonoma,24,9,0.028843412335275622,34.669961666671306,0.3809692639170024,6097.0
157,North Carolina,Moore,18,0,0.02874600836284693,34.78743856807821,0.1265706502314611,37125.0
104,Virginia,Stafford,23,6,0.02869826770227768,34.84530879613453,0.233174828751157,51179.0
531,Minnesota,Dakota,15,6,0.028680452944824887,34.8669528310375,0.3921354240950715,27037.0
142,Indiana,Monroe,5,9,0.028540647555302903,35.03774741138269,0.25844488649080954,18105.0
316,New York,Chenango,15,5,0.028358627831297376,35.262637034094155,0.5845236751924869,36017.0
555,Washington,Thurston,14,0,0.027899652535080456,35.84274029013875,0.24370813029475955,53067.0
546,Wisconsin,Rock,16,4,0.0278756011826456,35.873665771289836,0.14330554021380892,55105.0
533,Minnesota,Washington,12,1,0.027844518485913752,35.913711364981566,0.32635418524850907,27163.0
553,Washington,Skagit,8,0,0.02774383009819418,36.04405002700363,0.14009387988105823,53057.0
152,North Carolina,Johnston,22,23,0.026995718591275343,37.04291095711698,0.19617909663103106,37101.0
178,California,Marin,19,0,0.02638489919940712,37.900466946732564,0.4553414256117168,6041.0
90,Texas,Washington,11,7,0.026204673995133775,38.161131109118195,0.045662811657960496,48477.0
504,Alabama,Walker,5,0,0.026175319034077417,38.20392785654719,0.15884815149577775,1127.0
177,California,Solano,28,6,0.025892927819335682,38.620584237416544,0.4455549523237902,6095.0
434,Pennsylvania,Northumberland,13,5,0.025842459276115733,38.69600757866825,0.11693831924517469,42097.0
214,Mississippi,Forrest,23,5,0.025392791545613375,39.381255038607634,0.14537200107513368,28035.0
116,Virginia,Lynchburg city,13,6,0.025307368790498434,39.51418293534516,0.057417804359871774,51680.0
224,Mississippi,Scott,17,4,0.024956212108187457,40.07018355449572,0.09271070655749752,28123.0
83,Texas,Orange,10,0,0.02431444670950739,41.127812281617,0.05611435217146615,48361.0
260,Florida,Santa Rosa,22,9,0.024263813657000404,41.21363665812228,0.3187818942414315,12113.0
609,New Jersey,Unknown,5,-347,0.023951583348507565,41.75089326870369,0.006781821071738306,
427,Pennsylvania,Mercer,17,6,0.023452170551192197,42.63997644982011,0.09153308073588548,42085.0
265,Florida,Okaloosa,23,2,0.023215625652798416,43.074436801984696,0.4168743644966439,12091.0
226,Mississippi,Holmes,20,8,0.022739548905955764,43.97624614875662,0.11793561781648783,28051.0
257,Ohio,Wayne,14,7,0.022577232251539958,44.29240877972505,0.06014514824706718,39169.0
131,Indiana,Vigo,15,4,0.02247784794042167,44.48824472211643,0.10097760246576915,18167.0
153,North Carolina,Wayne,22,8,0.022444554541966755,44.55423689208014,0.2825710922849273,37191.0
521,Colorado,Summit,18,4,0.022172966092687596,45.0999652378393,0.3809279847957587,8117.0
524,Colorado,Morgan,18,7,0.021810439124408776,45.84960414120536,0.2705402284965832,8087.0
584,Oklahoma,Washington,19,3,0.020410390319654064,48.99465342595903,0.2070994938731845,40147.0
545,Wisconsin,Ozaukee,17,0,0.020373321462591232,49.08379823271156,0.34725278278688787,55089.0
248,Ohio,Marion,16,2,0.02036837607713916,49.095715643348186,0.1342885207454756,39101.0
315,New York,Jefferson,17,1,0.020033798763473817,49.91564564496016,0.1000208803532755,36045.0
229,Mississippi,Lincoln,17,9,0.01999051135057241,50.02373288321941,0.057479232998657516,28085.0
68,Texas,Ellis,21,19,0.019251939249038667,51.94281921754632,0.14344728871049575,48139.0
143,Indiana,Decatur,1,11,0.01915959807587891,52.193161674876464,0.15100993169345717,18031.0
313,New York,Rensselaer,2,12,0.01914886382616661,52.222419516792236,0.07576259649362356,36083.0
498,Alabama,Baldwin,22,0,0.01855121681782271,53.90481981965032,0.22577031465772168,1003.0
467,Louisiana,Natchitoches,12,6,0.018021419788748945,55.489523673618415,0.2482889842915905,22069.0
643,West Virginia,Jefferson,19,-1,0.01769247482007952,56.52120521121676,0.09288388454251721,54037.0
472,Louisiana,Jefferson Davis,12,2,0.016923234643099572,59.09035837943361,0.04208002756706344,22053.0
699,New Hampshire,Strafford,8,4,0.016809840175233574,59.48896536644823,0.040865515902073775,33017.0
184,California,Yolo,29,4,0.016517110652237026,60.54327666955256,0.13933990132649754,6113.0
539,Wisconsin,Fond du Lac,23,3,0.016335694820225583,61.21563918798716,0.16087483494478327,55039.0
693,Vermont,Windham,14,0,0.016310316329963485,61.31088936410829,0.07705816870791896,50025.0
195,California,Monterey,14,8,0.016009340973808166,62.46353311082789,0.11649751777497136,6053.0
134,Indiana,Vanderburgh,13,4,0.015783912560794578,63.355647476398524,0.07755392155835274,18163.0
37,Georgia,Baldwin,15,3,0.0155474717326813,64.31913929117921,0.0660061506559442,13009.0
647,West Virginia,Marion,12,0,0.015320886055756155,65.27037642345063,0.043412813047650524,54049.0
414,Pennsylvania,Adams,20,5,0.013957675932876066,71.64516534193123,0.10785569057001856,42001.0
565,South Carolina,Lancaster,21,10,0.013951098905411501,71.67894133501622,0.16391059765852733,45057.0
111,Virginia,Suffolk city,13,4,0.013441781543622439,74.3949004642512,0.053086311546591915,51800.0
126,Indiana,Franklin,8,2,0.013094687751396281,76.3668457763241,0.08431462210644751,18047.0
215,Mississippi,Leflore,25,11,0.012671304984883237,78.91846981767007,0.04568134280078617,28083.0
101,Virginia,Harrisonburg city,25,18,0.012662637201674177,78.97249080687442,0.19964235991572546,51660.0
535,Minnesota,St. Louis,17,1,0.01206810229270535,82.86306958174005,0.029883297360721768,27137.0
675,New Mexico,Santa Fe,14,2,0.011678023180583507,85.63093124037057,0.10348009765366645,35049.0
56,Texas,Gregg,24,2,0.011409811942136205,87.64386346343012,0.13043543030654928,48183.0
323,New York,Madison,4,8,0.011296388163500017,88.52387024297906,0.00872653112592864,36053.0
400,Pennsylvania,Wayne,27,4,0.011135984920284218,89.79897217519557,0.1433800127427074,42127.0
169,North Carolina,Cleveland,15,5,0.010287029441438882,97.20979274850083,0.020066644379252003,37045.0
350,Michigan,Bay,21,6,0.01024963216183697,97.56447687199507,0.08753464110860029,26017.0
369,Missouri,Greene,13,-1,0.009143797178707192,109.36375561005022,0.04079307513627521,29077.0
639,Nebraska,Adams,19,11,0.009082277118588835,110.10454613340137,0.028855782420635596,31001.0
620,New Jersey,Salem,8,3,0.009032349413884075,110.71316599675053,0.023935570748667555,34033.0
433,Pennsylvania,Indiana,14,5,0.008619388382990983,116.01751256195206,0.006360387574599021,42063.0
470,Louisiana,Lincoln,17,5,0.008338631015010211,119.92376185010693,0.016144473719284236,22061.0
312,New York,Ontario,23,8,0.00823505344635615,121.43212020590836,0.03186944871233112,36069.0
333,Kentucky,Pulaski,19,6,0.007671084460275014,130.35966494418565,0.08716315700303864,21199.0
364,Michigan,Isabella,14,9,0.007327867559053659,136.4653484716013,0.007275482652822982,26073.0
574,South Carolina,Aiken,18,6,0.006969242924974373,143.48760844832756,0.014843426593382196,45003.0
695,Vermont,Unknown,16,18,0.006924947692076681,144.40542289498737,0.026778973164074592,
422,Pennsylvania,Montour,13,4,0.006884127391761802,145.26169303559004,0.01716959382450285,42093.0
397,Illinois,Monroe,14,7,0.00687232253125268,145.51121479709147,0.007036091703739966,17133.0
128,Indiana,Jennings,14,1,0.005978357405159407,167.2700262344613,0.01972684039336318,18079.0
517,Colorado,Gunnison,11,2,0.005667685774457493,176.43885702109503,0.005550338586233956,8051.0
65,Texas,Bowie,19,0,0.0054722557853509254,182.73999594042584,0.011874524400480096,48037.0
103,Virginia,Spotsylvania,20,7,0.005275203907429497,189.5661319539931,0.012746487195577728,51177.0
8,Georgia,Lowndes,27,6,0.004851557098289064,206.11939213343632,0.012493131179106692,13185.0
652,Idaho,Kootenai,8,2,0.004708405908405345,212.3861067744439,0.006196332897904179,16055.0
361,Michigan,Tuscola,18,5,0.00437722424360148,228.4552822400579,0.009464141516535384,26157.0
622,South Dakota,Lincoln,15,5,0.003265643182067554,306.21839075721584,0.003318770978402724,46083.0
82,Texas,Tom Green,14,7,0.0027059006030175875,369.5627248409687,0.001562213403645302,48451.0
506,Alabama,Marion,18,6,0.0024589252173397814,406.6817457270467,0.0014082011989911014,1093.0
370,Missouri,Boone,7,-1,0.00180482134407468,554.0714615787599,0.0005582423917856012,29019.0
209,Tennessee,Cumberland,21,5,0.001682981106734672,594.1837350391918,0.0011076515454766383,47035.0
168,North Carolina,Northampton,2,1,0.0014414889644807215,693.7271284350328,0.00016755029200550488,37131.0
526,Colorado,Montrose,12,0,0.0011567764607751392,864.4712560367234,0.00016049781500992094,8085.0
588,Oklahoma,Comanche,5,0,0.001147409140462015,871.5287030024363,9.882903155346905e-05,40031.0
175,California,Humboldt,40,0,0.000844820802914423,1183.6829734190342,0.0036274042201227884,6023.0
236,Ohio,Belmont,24,6,0.0008440389091693197,1184.7795038076777,0.00031939000413628877,39013.0
518,Colorado,Pitkin,28,8,0.0008272718678837388,1208.792464511238,0.00043809135759701574,8097.0
76,Texas,Parker,16,5,0.0,0.0,0.0,48367.0
343,Kentucky,Marion,10,5,0.0,0.0,0.0,21155.0
110,Virginia,Mecklenburg,17,23,-0.00029282673219265887,-3414.988763191443,2.1303321195543794e-05,51117.0
429,Pennsylvania,Juniata,14,7,-0.0003977248655857254,-2514.3009314424185,3.104890062709374e-05,42067.0
386,Illinois,Clinton,23,1,-0.0012337207799925107,-810.5561778784909,0.0027103431869694907,17027.0
93,Texas,Donley,6,7,-0.0027386781411819702,-365.1396580572319,0.00016829227295675367,48129.0
520,Colorado,Pueblo,19,2,-0.0028814091762911775,-347.0524104067565,0.005043709700943526,8101.0
242,Ohio,Darke,13,0,-0.003239451931728577,-308.6941930533287,0.007120942862178803,39037.0
206,Tennessee,Washington,21,5,-0.004877617211277947,-205.01813830077035,0.008844568751776005,47179.0
289,Florida,Monroe,5,2,-0.004897136186713505,-204.200978260134,0.012907709855325732,12087.0
667,Montana,Yellowstone,13,3,-0.00549192061453815,-182.08566186350387,0.033011610965044416,30111.0
692,Vermont,Rutland,13,0,-0.006302661202028919,-158.6631373550724,0.014955724652016975,50021.0
633,Maryland,Wicomico,20,7,-0.006785877402324272,-147.36487866071437,0.031047456582536596,24045.0
74,Texas,Bastrop,18,8,-0.00734158847585997,-136.2103042533807,0.010955874818030576,48021.0
329,Kentucky,Lyon,23,5,-0.007497334623019953,-133.38073465863212,0.13043478260869568,21143.0
227,Mississippi,Adams,18,15,-0.007666606215204302,-130.43581109159024,0.01779952412171257,28001.0
479,Iowa,Black Hawk,21,14,-0.008380925491729307,-119.31856463666777,0.043167550984121235,19013.0
687,Wyoming,Laramie,13,0,-0.008394190081172521,-119.13001615759427,0.02734804686238527,56021.0
66,Texas,Matagorda,13,4,-0.008483140590403036,-117.88087080995669,0.018286852447757705,48321.0
210,Tennessee,Blount,9,1,-0.008795881812199785,-113.68956761254019,0.015096205868818612,47009.0
690,Maine,Waldo,15,8,-0.008809125042248353,-113.51865198916168,0.08449815927205162,23027.0
375,Missouri,Johnson,10,0,-0.011054112749209408,-90.46406732838149,0.017479549642545576,29101.0
191,California,San Luis Obispo,4,3,-0.01253114028699346,-79.80119742478165,0.041077526850440964,6079.0
114,Virginia,Orange,15,5,-0.01273397897983629,-78.53004952995894,0.1999999999999999,51137.0
335,Kentucky,Hardin,18,6,-0.013429783399217736,-74.46136473491065,0.16666666666666666,21093.0
490,Arkansas,Faulkner,4,1,-0.015502978977345653,-64.50373192541188,0.06854448362338109,5045.0
310,New York,Greene,25,6,-0.017472656015919096,-57.23228335113527,0.174750227912505,36039.0
534,Minnesota,Clay,20,6,-0.018328030607723436,-54.561235814316014,0.1472905422471533,27027.0
379,Missouri,Saline,5,7,-0.02028710925765903,-49.292384996766756,0.005871577216646255,29195.0
133,Indiana,Grant,19,6,-0.02056234616003413,-48.632582693488715,0.2736242545387555,18053.0
544,Wisconsin,Walworth,20,7,-0.021452704576401953,-46.61416915702104,0.35487668294349217,55127.0
336,Kentucky,Unknown,3,0,-0.021706122007452658,-46.069952046554256,0.031480091337235935,
48,Georgia,Oglethorpe,8,7,-0.022540431272431643,-44.36472345686937,0.3333333333333333,13221.0
432,Pennsylvania,Susquehanna,13,6,-0.02504240439060491,-39.93226786063591,0.08238244759762539,42115.0
223,Mississippi,Jones,20,6,-0.0258522000165543,-38.68142747463102,0.18137979763743137,28067.0
292,Florida,Columbia,18,5,-0.027027568235562325,-36.99925910035148,0.26476333760368037,12023.0
72,Texas,Wichita,9,4,-0.027957738239982047,-35.768272505317015,0.14712163682996388,48485.0
87,Texas,Shelby,12,8,-0.028570299855473692,-35.00138273166962,0.07381444119166605,48419.0
586,Oklahoma,Creek,6,5,-0.02867974684001252,-34.86781126689902,0.07510992345330368,40037.0
324,New York,Cayuga,16,11,-0.02944048309003936,-33.96683393209439,0.15139667931379108,36011.0
578,South Carolina,Pickens,20,5,-0.029510471726486416,-33.88627634516848,0.19343955777027075,45077.0
376,Missouri,Unknown,1,0,-0.029548138840474962,-33.84307909878245,0.26059274770855095,
528,Colorado,La Plata,3,7,-0.03032748650626658,-32.973388671473636,0.1622968107783125,8067.0
583,Oklahoma,Kay,25,5,-0.03162270854347208,-31.62284466004198,0.42379783043951036,40071.0
342,Kentucky,Butler,12,6,-0.032378087615828145,-30.885085365917238,0.2500000000000001,21031.0
536,Minnesota,Winona,14,6,-0.03264373328565319,-30.633751086291856,0.13362880111362227,27169.0
393,Illinois,Christian,8,0,-0.034967805393966225,-28.59773407948994,0.303116711189804,17021.0
491,Arkansas,Benton,4,0,-0.03841270618760145,-26.03305258203266,0.27710142220316497,5007.0
112,Virginia,Rockingham,17,10,-0.03872023371858425,-25.82629039039188,0.3415251330737487,51165.0
337,Kentucky,McCracken,16,5,-0.0459929422663448,-21.742466359490702,0.4224733346843402,21145.0
489,Arkansas,Cleburne,3,0,-0.04617914213802619,-21.654798112339783,0.35598822053018775,5023.0
84,Texas,Kaufman,15,5,-0.04659348216568995,-21.462229340230984,0.28103728757856056,48257.0
493,Arkansas,Unknown,0,2,-0.06044935416863189,-16.54277392625835,0.3689082521682752,
527,Colorado,Unknown,0,-88,-0.06111614040722218,-16.362289786902654,0.09121811868924976,
663,Massachusetts,Unknown,2,-74,-0.07019394884473129,-14.24624225390134,0.1290359556565705,
711,Nevada,Unknown,0,-33,-0.12659494624670853,-7.8992094838541,0.5263136541103748,
211,Tennessee,Unknown,0,22,-0.1304752001763749,-7.664291747766712,0.6030017582214963,
561,Washington,Unknown,0,-188,-0.24033595185458223,-4.160842322105268,1.0,
326,New York,Unknown,0,2091,,,0.0,
