,State,County,First Doubling,Current Total,Inv Tau,Tau,R Squared,Days In,ID
412,North Carolina,Wayne,20,69,0.28021287454260896,3.5687153976500845,0.9917947402999375,29,37191.0
444,North Carolina,Granville,7,88,0.26741246200359425,3.739541502693914,0.9838244560175207,20,37077.0
467,North Carolina,Edgecombe,7,22,0.24707048449476163,4.047428012475533,0.9953293419618255,14,37065.0
453,North Carolina,Burke,5,61,0.22970249714556598,4.353457243289283,0.9970982757995336,17,37023.0
470,North Carolina,Columbus,7,31,0.22790711126335764,4.3877525122261405,0.9708057930020667,13,37047.0
472,North Carolina,Washington,8,15,0.20350781440991855,4.913816223222444,0.9998097770287856,13,37187.0
473,North Carolina,Rutherford,1,37,0.19977433092360844,5.005648099917248,0.9588458021032135,12,37161.0
408,North Carolina,Mecklenburg,5,935,0.1919569883480835,5.209500360500858,0.899912372890623,30,37119.0
455,North Carolina,Cleveland,4,35,0.18184257607618126,5.499262172688641,0.9922427240713814,17,37045.0
442,North Carolina,Cumberland,3,82,0.1777489450054153,5.625912434920691,0.9865739987548158,20,37051.0
425,North Carolina,Moore,11,65,0.17575246984279105,5.689820466787697,0.8234034054219767,24,37125.0
427,North Carolina,Rowan,4,105,0.16995843203532213,5.88379163083931,0.969464984676276,22,37159.0
456,North Carolina,Caldwell,10,15,0.16718535794512424,5.981385046459828,0.9602474395136569,17,37027.0
441,North Carolina,Henderson,5,68,0.1607888309817421,6.219337462025282,0.9676799753638512,20,37089.0
409,North Carolina,Onslow,18,28,0.15964333234774927,6.263963457125232,0.9858170752562889,30,37133.0
431,North Carolina,Davidson,8,85,0.1579963258466415,6.329261105543973,0.9582894369119727,22,37057.0
452,North Carolina,Lenoir,9,14,0.1535417678508494,6.512885802978385,0.9846812721843009,17,37107.0
422,North Carolina,Gaston,7,80,0.15206365328566623,6.57619344526337,0.9184612330388673,24,37071.0
476,North Carolina,Anson,5,10,0.1501652962624907,6.659328252860689,0.9992794769335028,11,37007.0
405,North Carolina,Wake,6,424,0.14975929353138923,6.677381926821137,0.9824597201891085,39,37183.0
407,North Carolina,Johnston,13,92,0.14943155273444783,6.692027096694112,0.9924617820621215,30,37101.0
447,North Carolina,Alamance,4,34,0.1488264779958211,6.719234463292741,0.9933779688709433,19,37001.0
415,North Carolina,Craven,15,24,0.14698755217617454,6.803297185338744,0.9713847343999005,28,37049.0
410,North Carolina,Cabarrus,11,107,0.1466378021607968,6.81952392401137,0.9256253046939693,30,37025.0
411,North Carolina,Forsyth,8,112,0.14621595361215006,6.839198974501667,0.9843586759605523,30,37067.0
428,North Carolina,Pitt,4,62,0.1433378572167297,6.976523993155416,0.9497320751785365,22,37147.0
446,North Carolina,Nash,9,32,0.1433276345789652,6.97702158371321,0.9457099863312128,20,37127.0
429,North Carolina,Orange,2,141,0.1412860973845405,7.077837228940402,0.9460423695399021,22,37135.0
421,North Carolina,Guilford,4,134,0.14025418664499745,7.129911940034538,0.9655268035735176,24,37081.0
417,North Carolina,Wilson,10,58,0.1397429959939522,7.155993707500574,0.9949206662687173,27,37195.0
474,North Carolina,Rockingham,4,14,0.1396934144529949,7.158533592408449,0.9835654353414126,11,37157.0
448,North Carolina,Vance,10,19,0.13803217147372693,7.244687881986557,0.9518808992603345,19,37181.0
419,North Carolina,Iredell,5,71,0.12987457287614948,7.6997365831848885,0.9654835714446951,25,37097.0
449,North Carolina,Randolph,3,51,0.12718781965415457,7.862388102250443,0.9496245286960769,18,37151.0
440,North Carolina,Union,1,101,0.1225275228195435,8.161431627674244,0.930491622229724,20,37179.0
468,North Carolina,Halifax,4,21,0.1207692311836073,8.280254748659324,0.9738492220210273,13,37083.0
423,North Carolina,New Hanover,6,54,0.11579764327316562,8.635754336044723,0.9063239973893756,24,37129.0
462,North Carolina,Greene,7,10,0.11577768692975252,8.63724286188879,0.9286371892342165,15,37079.0
418,North Carolina,Durham,2,275,0.11134950814772299,8.980731182694939,0.9496455705900838,26,37063.0
432,North Carolina,Franklin,4,27,0.10979896664083673,9.107553837652214,0.9695204404721194,22,37069.0
463,North Carolina,Person,10,8,0.10631003234972572,9.406449964292387,0.9520212199622503,15,37145.0
424,North Carolina,Hoke,15,18,0.10226092196820856,9.778906553481745,0.9725665738637794,24,37093.0
478,North Carolina,Stokes,2,9,0.100811525736532,9.919500698893012,0.8301009700996176,9,37169.0
439,North Carolina,Robeson,14,7,0.10076405104623838,9.924174242866856,0.9743425172088669,20,37155.0
433,North Carolina,Carteret,5,21,0.09683481231013424,10.3268646486068,0.9350608935727895,22,37031.0
435,North Carolina,Catawba,6,33,0.0910504304016502,10.98292446931559,0.9476475081536183,21,37035.0
413,North Carolina,Brunswick,8,34,0.09059782330562118,11.037792780369754,0.9617045843083427,28,37019.0
469,North Carolina,Yadkin,5,10,0.09043358841956983,11.057838326181027,0.8202448998554605,13,37197.0
437,North Carolina,Davie,7,21,0.0896190107006843,11.158346785816107,0.9609477455815622,20,37059.0
454,North Carolina,Northampton,4,60,0.08852856664046982,11.295788895590922,0.96279283423958,17,37131.0
414,North Carolina,Harnett,5,38,0.08835098021752762,11.318493553075642,0.9957532830182901,28,37085.0
436,North Carolina,Buncombe,3,36,0.08323494606436029,12.014184513638822,0.8703202561836899,21,37021.0
426,North Carolina,Lincoln,14,15,0.08220522490928864,12.16467689375553,0.9241670043894185,24,37109.0
406,North Carolina,Chatham,19,37,0.07942551209424582,12.590412999961602,0.8957808773703068,36,37037.0
458,North Carolina,Bertie,5,12,0.07653979394841516,13.065099191068649,0.9684796349080572,17,37015.0
461,North Carolina,Beaufort,6,13,0.0745983305893472,13.405125719298631,0.9434401381301476,16,37013.0
460,North Carolina,McDowell,6,16,0.07394910947087337,13.522813285451043,0.97856368107992,17,37111.0
430,North Carolina,Pasquotank,13,15,0.07200079971974556,13.88873462367612,0.9790899338429992,22,37139.0
434,North Carolina,Stanly,9,14,0.07170674682512425,13.945689133531086,0.9818610726997204,22,37167.0
465,North Carolina,Polk,6,9,0.07097464698044004,14.089538201938375,0.924067472146342,14,37149.0
451,North Carolina,Montgomery,7,12,0.06973178007749432,14.340663595403415,0.9239335119965654,18,37123.0
416,North Carolina,Watauga,13,8,0.04643860556583769,21.53380765454432,0.9322801150924255,27,37189.0
445,North Carolina,Cherokee,7,10,0.0318297569819555,31.41714215936071,0.8016433710867087,20,37039.0
450,North Carolina,Transylvania,7,6,0.03172032953832174,31.525523680070446,0.9300464976469147,18,37175.0
420,North Carolina,Sampson,22,11,0.0,0.0,0.0,25,37163.0
438,North Carolina,Scotland,20,9,0.0,0.0,0.0,20,37165.0
443,North Carolina,Lee,17,8,0.0,0.0,0.0,20,37105.0
475,North Carolina,Martin,10,5,0.0,0.0,0.0,11,37117.0
477,North Carolina,Dare,5,10,0.0,0.0,0.0,9,37055.0
479,North Carolina,Pender,6,5,0.0,0.0,0.0,6,37141.0
480,North Carolina,Jones,2,6,0.0,0.0,0.0,2,37103.0
471,North Carolina,Pamlico,13,5,0.0,0.0,0.0,13,37137.0
457,North Carolina,Duplin,13,15,0.0,0.0,0.0,17,37061.0
459,North Carolina,Hertford,13,4,0.0,0.0,0.0,17,37091.0
464,North Carolina,Surry,11,10,0.0,0.0,0.0,15,37171.0
466,North Carolina,Richmond,14,7,0.0,0.0,0.0,14,37153.0
