,State,County,First Doubling,Last Delta,Inv Tau,Tau,R Squared,ID
516,Iowa,Louisa,3,70,0.2929789408234577,3.413214605764367,0.889232045250637,19115.0
657,New Jersey,Union,7,629,0.22946448273388836,4.3579729119111965,0.8590985944111905,34039.0
654,New Jersey,Passaic,9,488,0.2289856279807142,4.367086305015714,0.8705512242008346,34031.0
396,New York,New York City,7,3701,0.22897270316381532,4.367332813835735,0.8330069624586313,
443,Pennsylvania,Luzerne,8,77,0.22405791822678442,4.463131711274007,0.8388597275998165,42079.0
683,Maryland,Frederick,15,24,0.22140783076326556,4.516552086494282,0.8602419466462402,24021.0
436,Pennsylvania,Philadelphia,7,320,0.2171682192478502,4.604725329808584,0.9106256912897432,42101.0
655,New Jersey,Hudson,6,363,0.21459927975615684,4.659847885492775,0.9040147596168177,34017.0
131,Indiana,Marion,12,51,0.21175024708240145,4.722544666551702,0.8375661095362392,18097.0
444,Pennsylvania,Lehigh,6,56,0.21161585098244565,4.725543929518559,0.8280146829494334,42077.0
653,New Jersey,Camden,15,76,0.21090376225737134,4.741499105073688,0.8893060362442027,34007.0
75,Georgia,Randolph,15,9,0.2087075793508811,4.791392833505058,0.749872492664256,13243.0
717,Massachusetts,Hampden,7,104,0.2084567898949972,4.7971572454114595,0.8560402894457098,25013.0
337,Missouri,St. Louis,12,127,0.20588784165736693,4.857013371698623,0.8428521187785822,29189.0
438,Pennsylvania,Northampton,8,46,0.20560595855081845,4.863672274132249,0.7867050954537497,42095.0
491,Louisiana,Tangipahoa,10,39,0.20041036762692185,4.9897618164224475,0.83530126813057,22105.0
641,Nebraska,Hall,6,36,0.1969897174062018,5.0764070996556345,0.9743336903418818,31079.0
713,Massachusetts,Essex,8,181,0.19632754752200599,5.093528710676284,0.906270460044706,25009.0
712,Massachusetts,Worcester,12,118,0.19536047320619157,5.118742720000266,0.9115281828666901,25027.0
749,Connecticut,New Haven,4,185,0.19505440134879157,5.126774854015338,0.9377193028303942,9009.0
399,New York,Rockland,10,370,0.19454246979988404,5.1402657786171275,0.8111485947641803,36087.0
351,Michigan,Wayne,6,561,0.19440978345428236,5.143774054123985,0.7598221015851389,26163.0
401,New York,Suffolk,3,819,0.1931969934767139,5.1760639852841726,0.8253945198482069,36103.0
432,Pennsylvania,Delaware,13,139,0.19247363314569893,5.195516828234955,0.8968907310884181,42045.0
652,New Jersey,Bergen,8,334,0.19077320781060292,5.241826205453266,0.8744389844149405,34003.0
93,Georgia,Upson,9,6,0.18991494140697263,5.265515143735213,0.7303112345300896,13293.0
536,Alabama,Mobile,6,18,0.18897852479944827,5.291606551915043,0.9194713259716027,1097.0
447,Pennsylvania,Berks,6,97,0.1886458544027482,5.300938115846727,0.9793443511785515,42011.0
398,New York,Nassau,4,892,0.18859626496265638,5.302331942777384,0.84376778366818,36059.0
650,South Dakota,Minnehaha,20,114,0.18852515903596545,5.304331820291568,0.7927176713981331,46099.0
451,Pennsylvania,Lebanon,9,44,0.18837589955344614,5.308534703062051,0.8963159781366119,42075.0
143,Indiana,Madison,10,2,0.1875432359570292,5.3321037940772475,0.8934517390610147,18095.0
2,Texas,Harris,12,160,0.1853078298379578,5.396426048885515,0.912513929185528,48201.0
192,Tennessee,Shelby,10,28,0.18438356244955698,5.423476945096863,0.7539199551444415,47157.0
660,New Jersey,Essex,3,578,0.18428115326991598,5.4264908931588,0.8594245599088516,34013.0
543,Alabama,Marshall,9,1,0.1821950370816113,5.488623707966679,0.8534088068180097,1095.0
457,Pennsylvania,Columbia,13,12,0.18177588728015234,5.501279707460889,0.9234923953023619,42037.0
706,New Mexico,McKinley,12,13,0.18154549659897046,5.508261117646864,0.9306087851959033,35031.0
677,Maryland,Baltimore,9,16,0.18094540294613215,5.526528907162688,0.9361479490740425,24005.0
659,New Jersey,Middlesex,5,326,0.18027927175663538,5.546949409413696,0.8974192260843887,34023.0
676,Maryland,Prince George's,9,151,0.18001965786918991,5.554948897451207,0.9712435003834221,24033.0
746,Connecticut,Fairfield,6,209,0.17995858595705982,5.556834060913389,0.8675348333557361,9001.0
466,Louisiana,Jefferson,5,100,0.17860677637213485,5.598891712352824,0.8335904470477639,22051.0
452,Pennsylvania,Lancaster,6,37,0.17826151884514763,5.609735665209276,0.859169885310465,42071.0
714,Massachusetts,Bristol,7,41,0.17779242861438255,5.624536476572461,0.8794283324615978,25005.0
462,Pennsylvania,Juniata,15,4,0.17652644268649947,5.664873685671789,0.7679169086757853,42067.0
716,Massachusetts,Plymouth,5,66,0.17644937868168917,5.66734781086409,0.8538657571736681,25023.0
672,New Jersey,Cumberland,11,14,0.1759694630692298,5.682804178396456,0.9384701539545628,34011.0
262,Ohio,Lucas,9,26,0.17467841922416527,5.724805642514416,0.7710031768656426,39095.0
313,Florida,Miami-Dade,3,253,0.17376700860216646,5.754832335805845,0.8392237517987986,12086.0
678,Maryland,Charles,14,18,0.17308604284120738,5.777473351317068,0.8994078677834451,24017.0
663,New Jersey,Ocean,4,240,0.17221645877768604,5.8066459332490306,0.7759209075375044,34029.0
132,Indiana,Hendricks,18,20,0.17139970107139696,5.834315892904899,0.8141173745856664,18063.0
439,Pennsylvania,Pike,14,35,0.17021374210428522,5.874966307875,0.8179898782576452,42103.0
658,New Jersey,Burlington,11,52,0.16934081782774185,5.905250800295694,0.9151145750828804,34005.0
468,Louisiana,Caddo,10,64,0.16912006674484206,5.912958877368103,0.8324005925852147,22017.0
656,New Jersey,Monmouth,7,128,0.16904370772233274,5.91562983014178,0.8436515075510252,34025.0
748,Connecticut,Hartford,4,127,0.16850201232503273,5.934647225880279,0.9320280847409047,9003.0
661,New Jersey,Morris,5,199,0.16785416673909392,5.95755243630241,0.8445769946198118,34027.0
393,Illinois,Monroe,15,1,0.16756809468746475,5.967723162724526,0.45818735746581113,17133.0
350,Michigan,Oakland,6,291,0.16713360536150082,5.983237170268988,0.7925977206528756,26125.0
248,California,San Bernardino,7,0,0.16642511610647273,6.0087084413402865,0.8951577878705008,6071.0
404,New York,Orange,4,396,0.16531933152734807,6.048899368036547,0.7656252754871494,36071.0
140,Indiana,Lake,7,23,0.16513997168220276,6.05546912605999,0.9051649940048425,18089.0
242,California,Riverside,13,210,0.16513132885173215,6.055786064059827,0.9525719938585155,6065.0
44,Georgia,Gwinnett,12,49,0.16485767630650472,6.065838257605863,0.8343032869406916,13135.0
383,Illinois,Will,6,67,0.1642475998649859,6.088369028357283,0.8531949459136028,17197.0
723,Arizona,Pima,12,17,0.16417557557921494,6.091040012937238,0.8541597617473005,4019.0
679,Maryland,Anne Arundel,11,59,0.16360926028061643,6.1121234720139785,0.9286104247983659,24003.0
68,Georgia,Muscogee,12,8,0.16253982485637303,6.152338363128186,0.9247882249440407,13215.0
664,New Jersey,Mercer,4,85,0.16099662435788353,6.211310355036229,0.9545068321775219,34021.0
437,Pennsylvania,Bucks,9,126,0.16000490349261567,6.249808463189696,0.89872648879975,42017.0
478,Louisiana,Washington,12,6,0.159951455308657,6.251896852518836,0.7575343431600617,22117.0
76,Georgia,Sumter,9,18,0.15984859859695663,6.255919718892294,0.8496664080923536,13261.0
356,Michigan,Macomb,4,202,0.15858617071815043,6.305720073014844,0.7882303773271297,26099.0
370,Michigan,Lapeer,9,11,0.1582992920352875,6.3171476457208895,0.8323742870783536,26087.0
670,New Jersey,Cape May,12,5,0.15763307509871127,6.343846298587977,0.8620230878931248,34009.0
568,Colorado,Morgan,19,14,0.15762339718538848,6.344235804179831,0.6811487566242297,8087.0
474,Louisiana,St. John the Baptist,9,6,0.15757150757128424,6.34632501404232,0.7978212670428556,22095.0
256,Ohio,Trumbull,14,13,0.15682511280402928,6.376529766948825,0.7411945007213755,39155.0
472,Louisiana,Lafourche,12,5,0.15658486641160413,6.386313204568359,0.8788266641829541,22057.0
558,Colorado,El Paso,12,11,0.1565845560011284,6.386325864683576,0.717679215735393,8041.0
100,Virginia,Fairfax,14,43,0.15635943157401724,6.395520819776204,0.9375889303223597,51059.0
709,Massachusetts,Norfolk,7,131,0.15626091085389412,6.399553122629705,0.934920632040776,25021.0
743,Nevada,Clark,9,65,0.1561028584101191,6.4060326004586265,0.8593170359689413,32003.0
674,Maryland,Montgomery,11,127,0.15547485366208202,6.431908288998666,0.9239488687797003,24031.0
359,Michigan,Jackson,11,11,0.15521263976891747,6.442774257874955,0.6510733259857938,26075.0
471,Louisiana,St. Charles,15,50,0.15513736945423795,6.445900194891325,0.8318920021919856,22089.0
770,Puerto Rico,Unknown,7,0,0.1536463400063324,6.508453113551457,0.8312322022218807,
380,Illinois,St. Clair,13,18,0.15306192524645804,6.533303422061462,0.7787445431469576,17163.0
35,Texas,Coryell,15,0,0.15302385668212823,6.53492874694218,0.2553798667412284,48099.0
303,Florida,Lee,15,15,0.1528222901797857,6.543548057181734,0.8770873925083055,12071.0
378,Illinois,Lake,6,105,0.15271773656726276,6.54802790086901,0.8627248767380173,17097.0
104,Virginia,Alexandria city,20,12,0.1521963332116118,6.570460528832932,0.9228172873055729,51510.0
250,California,Kern,7,70,0.15195863228514733,6.580738355972565,0.8314454695531361,6029.0
635,Oregon,Multnomah,14,22,0.15169897214366915,6.592002476146856,0.7920667060970115,41051.0
710,Massachusetts,Middlesex,3,271,0.15109712702706615,6.618259524027013,0.9465120082344461,25017.0
119,Virginia,Mecklenburg,18,0,0.1510712065070787,6.619395072833706,0.432841471821534,51117.0
680,Maryland,Carroll,12,9,0.15078313766679652,6.632041324208409,0.6966316004278071,24013.0
10,Texas,El Paso,12,46,0.15043620226210205,6.647336113003701,0.9229560790722755,48141.0
696,North Dakota,Cass,12,7,0.15010022817447988,6.662215055646534,0.645528093666363,38017.0
733,Maine,Waldo,16,0,0.15001310981521654,6.666084059131779,0.290286377953992,23027.0
336,Florida,Suwannee,8,7,0.14995343063459574,6.668737059019243,0.7595953978468549,12121.0
343,Missouri,St. Charles,6,22,0.149196170601703,6.7025848985737,0.8035685101564736,29183.0
406,New York,Dutchess,5,53,0.14918770834273795,6.702965084111618,0.8752661866957276,36027.0
584,Oklahoma,Tulsa,18,21,0.14845246574346593,6.736162952847515,0.7845191281442605,40143.0
705,New Mexico,Sandoval,16,9,0.14825279894627294,6.7452352138215055,0.8393994536489612,35043.0
750,Connecticut,Middlesex,8,16,0.1482032675882266,6.747489554538276,0.9618378403584654,9007.0
43,Georgia,Fulton,12,177,0.14807801046533725,6.753197161803334,0.8546220366567002,13121.0
682,Maryland,Baltimore city,6,89,0.14799258555551312,6.7570952709985095,0.9219289298120935,24510.0
484,Louisiana,Assumption,13,3,0.1478437797084685,6.763896336875916,0.7273081080811005,22007.0
667,New Jersey,Gloucester,6,21,0.14774551943029926,6.768394763211497,0.9013736629654254,34015.0
5,Texas,Montgomery,14,42,0.1475054046017516,6.779412609998191,0.8277948363427223,48339.0
477,Louisiana,East Baton Rouge,3,22,0.1472609742182769,6.790665383740803,0.8052407870126633,22033.0
6,Texas,Tarrant,8,53,0.14717586654450263,6.794592234981833,0.8929854718270035,48439.0
377,Illinois,Kane,12,27,0.14705127429048395,6.800349094728738,0.8395503677354332,17089.0
669,New Jersey,Atlantic,10,17,0.1465601870475975,6.823135396758438,0.8497806801541916,34001.0
446,Pennsylvania,Lackawanna,6,42,0.14648016606644504,6.826862822823323,0.9392827564802929,42069.0
241,California,Fresno,18,0,0.1457274540518478,6.862124961328247,0.7955616082152199,6019.0
435,Pennsylvania,Monroe,11,31,0.14535655482502977,6.8796347106859495,0.8657839671283288,42089.0
384,Illinois,Kankakee,8,18,0.1452654832958983,6.883947771426551,0.8311968455237162,17091.0
293,Kentucky,Muhlenberg,14,6,0.1446033426998213,6.915469458239818,0.41806755681075436,21177.0
304,Florida,Broward,6,84,0.1444777578720936,6.921480612159704,0.8447335526556711,12011.0
766,Delaware,Sussex,6,88,0.14432881286650415,6.928623468447305,0.9532342381008524,10005.0
747,Connecticut,Litchfield,11,14,0.14395648667017213,6.946543522496236,0.8904618284120098,9005.0
391,Illinois,Rock Island,11,8,0.14377767097380634,6.9551829100235025,0.8572937087830882,17161.0
25,Texas,Cameron,12,21,0.14346881037218082,6.970156073684877,0.9350183501396105,48061.0
434,Pennsylvania,Montgomery,8,69,0.14342643725973012,6.972215298000505,0.9430008344153463,42091.0
301,Florida,Hillsborough,17,6,0.142245068214589,7.03012071034627,0.6612017887860087,12057.0
753,Connecticut,New London,13,5,0.1420860211559531,7.037990027902912,0.9381515638892652,9011.0
481,Louisiana,Iberia,10,6,0.14193336295455694,7.0455598259880015,0.6368602367848064,22045.0
138,Indiana,Bartholomew,17,0,0.14189201535329315,7.047612915428163,0.8168145148799097,18005.0
366,Michigan,Saginaw,7,9,0.14183055221327032,7.05066704172668,0.8799913294433767,26145.0
563,Colorado,Adams,11,33,0.14166165588964091,7.059073210177869,0.864938645011403,8001.0
316,Florida,Palm Beach,5,36,0.1415458190369732,7.064850143957908,0.8258736937676238,12099.0
751,Connecticut,Windham,13,4,0.14124444542080947,7.079924431864919,0.7923010756218123,9015.0
11,Texas,Galveston,11,15,0.14105490217138622,7.089438116691386,0.8013769657257841,48167.0
580,Wisconsin,Brown,15,20,0.14093495098305361,7.095472010489737,0.7637796933830402,55009.0
107,Virginia,Prince William,12,74,0.14092024317784346,7.096212562860717,0.9575600711261344,51153.0
352,Michigan,St. Clair,18,5,0.14070364434766075,7.107136454327563,0.8788355833182145,26147.0
769,District of Columbia,District of Columbia,9,-80,0.14069832233075735,7.107405286959808,0.9167800036504004,11001.0
402,New York,Ulster,13,60,0.14069297451283172,7.107675443373303,0.8850465575760843,36111.0
386,Illinois,Madison,14,13,0.14059779732634656,7.112486959371521,0.8801668337705694,17119.0
744,Nevada,Washoe,17,32,0.1405504626098232,7.114882309395608,0.8604690210274204,32031.0
279,Ohio,Washington,14,3,0.14052850876913678,7.115993820462588,0.5714948138994878,39167.0
668,New Jersey,Warren,7,26,0.1400397039529481,7.140832005300366,0.9022743383058343,34041.0
295,Kentucky,Boone,9,3,0.1400154793228561,7.142067468798503,0.3988419336781686,21015.0
22,Texas,Webb,8,17,0.1400126785547039,7.1422103363967375,0.8573356528335307,48479.0
689,Idaho,Ada,10,1,0.1399377497967647,7.146034586466671,0.627524813912656,16001.0
767,Delaware,Kent,13,41,0.13991610015838618,7.147140313859461,0.869835106521643,10001.0
686,Maryland,Washington,12,3,0.13991082623761802,7.147409724402932,0.8664893504162074,24043.0
203,Tennessee,Madison,12,5,0.13962222434871638,7.162183561138729,0.7684946627131441,47113.0
112,Virginia,Henrico,8,35,0.13952872535931607,7.1669829809223,0.8891744798186474,51087.0
560,Colorado,Arapahoe,10,41,0.13926844693301446,7.180377336159865,0.9159903994726631,8005.0
771,Guam,Unknown,6,5,0.139243957322086,7.181640189145833,0.9466291776233897,
360,Michigan,Genesee,2,42,0.1389047712099861,7.199176754614664,0.7844878551719278,26049.0
540,Alabama,Tallapoosa,14,16,0.13850081915443557,7.220173902978496,0.9475193223723047,1123.0
39,Texas,Shelby,13,4,0.1382871462249078,7.231330078745118,0.71488035716089,48419.0
765,Delaware,New Castle,7,28,0.13810442256009325,7.240897731315381,0.9439411764451855,10003.0
376,Illinois,McHenry,15,12,0.13790313576308333,7.251466723120737,0.8101021974120087,17111.0
537,Alabama,Chambers,9,4,0.13785483143586777,7.254007636759657,0.8528587978325581,1017.0
323,Florida,Escambia,9,6,0.13744640244050463,7.275563290445978,0.6691082630140347,12033.0
257,Ohio,Franklin,6,41,0.13697717339504667,7.30048646219299,0.7662191797546477,39049.0
629,Kansas,Wyandotte,12,8,0.1369621815794632,7.301285569986461,0.8872115531518333,20209.0
577,Wisconsin,Racine,19,18,0.13681336199846567,7.309227588539303,0.8772571331948064,55101.0
136,Indiana,Hamilton,6,9,0.13642527105110258,7.330020254278381,0.7682689899040012,18057.0
194,Tennessee,Rutherford,11,3,0.13635102514019293,7.334011599632811,0.5935674140617666,47149.0
675,Maryland,Harford,19,5,0.13618690037078773,7.34285013666778,0.8273248586385381,24025.0
285,Kentucky,Jefferson,12,42,0.13574901851845464,7.366535765148484,0.8775671363776907,21111.0
101,Virginia,Virginia Beach city,18,1,0.13553072168747632,7.378400908289451,0.6882458761240542,51810.0
342,Missouri,St. Louis city,5,56,0.1352358327712385,7.394489903364404,0.8339115206980262,29510.0
135,Indiana,St. Joseph,18,40,0.13500106194365635,7.4073491393523785,0.673435784629459,18141.0
273,Ohio,Columbiana,13,1,0.1345429808709634,7.4325690833256735,0.9129065183532167,39029.0
52,Georgia,Henry,11,17,0.13443151361332034,7.438731984201311,0.7988138496529282,13151.0
110,Virginia,Chesterfield,15,30,0.13436249298324418,7.44255318427819,0.7793241856996193,51041.0
607,Washington,Franklin,10,9,0.13432970322514798,7.444369904725503,0.7803528287429229,53021.0
185,North Carolina,Burke,11,-2,0.13399612922513401,7.462902143388388,0.7549886096813773,37023.0
554,Colorado,Jefferson,12,22,0.1339786792277302,7.46387414597699,0.849780544457368,8059.0
470,Louisiana,St. Tammany,7,17,0.13387433921730948,7.469691397518424,0.7739418169929955,22103.0
701,Utah,Utah,11,13,0.13385897558796706,7.470548729418879,0.7890490902802588,49049.0
83,Georgia,Pierce,14,2,0.13357114068838397,7.486647151819713,0.5195659452660832,13229.0
63,Georgia,Houston,11,9,0.13292493447588075,7.523043016293156,0.7083180030107845,13153.0
490,Louisiana,Calcasieu,7,5,0.1329112241527287,7.5238190482009015,0.7553609446653783,22019.0
535,Alabama,Calhoun,17,1,0.13267370829432962,7.5372883810675795,0.6411082078536147,1015.0
599,Washington,Clark,18,11,0.132632866963433,7.53960932078548,0.7224506865124528,53011.0
58,Georgia,Hall,10,44,0.13256156887922918,7.543664490807698,0.9269536259054754,13139.0
666,New Jersey,Somerset,1,102,0.13244958766203993,7.550042379532451,0.9174932939890201,34035.0
165,North Carolina,Johnston,23,7,0.13242786548838656,7.551280814744358,0.5901344682600212,37101.0
673,New Jersey,Salem,9,7,0.13211588274799071,7.569112654740283,0.7335191862690486,34033.0
531,Alabama,Baldwin,23,9,0.1320631694263294,7.572133883685441,0.7947291522133098,1003.0
215,Mississippi,Yazoo,16,0,0.1320402531298774,7.573448068267335,0.8244036904877587,28163.0
26,Texas,Potter,12,9,0.13197391413496662,7.577254994326557,0.39053985955055137,48375.0
424,New York,Genesee,17,5,0.13194012910353692,7.579195251622601,0.7994760342309742,36037.0
566,Colorado,Weld,7,50,0.1316907065672264,7.593550266886243,0.808159783701008,8123.0
274,Ohio,Marion,17,19,0.13146987067666688,7.606305496864529,0.7991572217311483,39101.0
638,Nebraska,Adams,20,4,0.131382980696541,7.611335918080047,0.35161649482653395,31001.0
180,North Carolina,Granville,11,5,0.13131938421852302,7.615022001138403,0.5257425644359249,37077.0
179,North Carolina,Rowan,13,-3,0.13106430514937165,7.629842456802543,0.9466331549956288,37159.0
167,North Carolina,Cabarrus,15,25,0.13088220395238914,7.640458135651267,0.5701936751155806,37025.0
397,New York,Westchester,1,406,0.1304388321493854,7.666428651053449,0.7745876998343478,36119.0
102,Virginia,Loudoun,14,20,0.1296755753208501,7.711552445599316,0.8117056807893065,51107.0
441,Pennsylvania,Chester,7,43,0.12960616163360947,7.715682552400194,0.8979280819352116,42029.0
300,Florida,Manatee,27,9,0.1294529843760578,7.724812253806557,0.8860820780436887,12081.0
246,California,Tulare,16,32,0.1292238317843617,7.738510661630273,0.9334963608507545,6107.0
469,Louisiana,Terrebonne,16,5,0.12915920004991396,7.742383040569677,0.8021493931499157,22109.0
691,Idaho,Twin Falls,13,0,0.1291519177592866,7.742819598418975,0.3218363240116255,16083.0
605,Washington,Yakima,9,62,0.12902324993439349,7.750541088590514,0.8454251456437131,53077.0
62,Georgia,Richmond,13,6,0.1287391424153626,7.7676453426543,0.5303009932681841,13245.0
588,Oklahoma,Washington,20,4,0.12871837120695043,7.76889880304827,0.8095084884429549,40147.0
355,Michigan,Ingham,14,9,0.12869883913969254,7.770077855283357,0.7332138013278886,26065.0
510,Iowa,Muscatine,16,20,0.12868791310741673,7.770737560762935,0.9484444219638333,19139.0
489,Louisiana,Iberville,11,12,0.12853421056161213,7.780029889557347,0.8079758481950584,22047.0
47,Georgia,DeKalb,9,138,0.12841734740654148,7.787109920859966,0.8643725377619766,13089.0
1,Texas,Fort Bend,15,34,0.12747695278254143,7.844555256242011,0.8869519510788677,48157.0
4,Texas,Dallas,6,89,0.12735663590224286,7.8519661964656935,0.8353662407874201,48113.0
282,Ohio,Pickaway,11,14,0.12732150182392146,7.854132928646602,0.9310000763806447,39129.0
358,Michigan,Monroe,11,6,0.1272085445856892,7.861107154845153,0.770826971725912,26115.0
288,Kentucky,Christian,18,2,0.12643968856299395,7.908909072500496,0.8494057903077353,21047.0
494,Louisiana,Ouachita,4,3,0.12643205934492038,7.9093863153165245,0.7942165576670706,22073.0
409,New York,Broome,14,13,0.1262682718204669,7.919645890313907,0.8068852368358181,36007.0
320,Florida,Orange,5,14,0.12607190620618178,7.931981280306574,0.7056824926168568,12095.0
51,Georgia,Lee,15,3,0.1259434539312179,7.940071268381561,0.7757523139958852,13177.0
137,Indiana,Floyd,16,3,0.1257737490917277,7.950784700475874,0.866282368529532,18043.0
475,Louisiana,St. Bernard,10,8,0.12521347518079803,7.986360881335508,0.7469528355880941,22087.0
685,Maryland,Calvert,14,5,0.12520075701504818,7.987172153278655,0.9058524372377351,24009.0
512,Iowa,Scott,11,6,0.12489789859314981,8.006539831846668,0.9201879871687865,19163.0
19,Texas,Lubbock,9,13,0.12452087422676572,8.030782037226095,0.8354422800291152,48303.0
529,Alabama,Montgomery,17,12,0.12447814154236703,8.033538962016419,0.8046558006476914,1101.0
445,Pennsylvania,Beaver,10,3,0.12437123576128194,8.040444350970343,0.6331850689452707,42007.0
495,Louisiana,St. Mary,9,2,0.1242301194694032,8.049577705238313,0.7319597324260962,22101.0
193,Tennessee,Knox,12,1,0.12421406182415974,8.05061830612723,0.6661526550910621,47093.0
382,Illinois,Winnebago,18,2,0.12396112896274755,8.067044954878696,0.8837669786434237,17201.0
315,Florida,Duval,8,27,0.12388594087093739,8.071940956091101,0.8362906011113544,12031.0
326,Florida,Leon,13,0,0.12358751287994663,8.091432351838035,0.9351360734193231,12073.0
555,Colorado,Douglas,15,7,0.12243457174898033,8.167627702821024,0.6886147567550067,8035.0
513,Iowa,Tama,12,7,0.12236661286573483,8.172163767393291,0.7827639352471353,19171.0
757,Hawaii,Honolulu,12,6,0.12223190900855782,8.181169778915807,0.5900757399655975,15003.0
109,Virginia,Spotsylvania,21,5,0.12161988369674973,8.22233971620485,0.5128136562004432,51177.0
403,New York,Monroe,6,27,0.12133226370195915,8.241830898798709,0.7637248885577106,36055.0
347,Missouri,Franklin,13,0,0.12126416646366278,8.246459190396145,0.8594772542343138,29071.0
219,Mississippi,Adams,20,5,0.12103445964458995,8.262109839928536,0.8386194384785963,28001.0
145,Indiana,Shelby,14,2,0.12099667506730619,8.264689913534692,0.650505514394033,18145.0
311,Florida,Pasco,17,8,0.12056661197849214,8.294170198449217,0.8217954646920322,12101.0
218,Mississippi,Scott,18,4,0.12029445862181214,8.312934872119513,0.8339160007029716,28123.0
639,Nebraska,Lancaster,16,0,0.12020090683052388,8.31940478959897,0.7631507741289739,31109.0
134,Indiana,Johnson,13,2,0.12019691780812457,8.319680888958754,0.5055509826611837,18081.0
759,Rhode Island,Unknown,16,-544,0.11995785681048754,8.336260971883029,0.7060216682925017,
410,New York,Erie,3,44,0.11969659705060065,8.354456389242705,0.7618653515007515,36029.0
31,Texas,Victoria,8,6,0.11968387366303085,8.355344537188806,0.4897343628912485,48469.0
308,Florida,Pinellas,8,15,0.11962010543764055,8.359798683853464,0.6419866541880849,12103.0
458,Pennsylvania,Schuylkill,6,8,0.11884365750681077,8.414416225305851,0.8303344501610735,42107.0
557,Colorado,Denver,7,56,0.11874885590473948,8.421133764877714,0.8547772662941869,8031.0
12,Texas,Travis,6,44,0.11851593879315396,8.437683658274027,0.739060883783405,48453.0
736,Vermont,Franklin,18,1,0.11841373761377963,8.444966100653101,0.8119116564837072,50011.0
448,Pennsylvania,York,8,40,0.11832073409808139,8.45160408801263,0.9041243655279417,42133.0
317,Florida,Clay,16,3,0.1182945988841813,8.453471328636653,0.8649059783091736,12019.0
501,Louisiana,Jefferson Davis,13,0,0.11818007955839964,8.461662944691469,0.7285003323617544,22053.0
715,Massachusetts,Barnstable,7,12,0.11808110218391002,8.468755639175107,0.6301118645137813,25001.0
423,New York,Oneida,8,23,0.11749030525082535,8.511340555845353,0.9076861634328043,36065.0
740,New Hampshire,Hillsborough,9,42,0.11735727061837571,8.520988897669717,0.8328139476193728,33011.0
271,Ohio,Montgomery,10,4,0.11726486611631641,8.527703421484217,0.8902427955594839,39113.0
117,Virginia,Suffolk city,14,6,0.1171411194488404,8.536711999211642,0.27357443868303943,51800.0
523,Arkansas,Crittenden,12,1,0.11713172249468151,8.537396861430139,0.7910463684450331,5035.0
169,North Carolina,Wilson,25,4,0.11701435309990213,8.545960162222496,0.8641967032916406,37195.0
688,Maryland,St. Mary's,10,3,0.11674990280598138,8.565317623106129,0.8758630340987236,24037.0
634,Oregon,Marion,14,9,0.11669738827542774,8.56917206784279,0.6851650089269897,41047.0
79,Georgia,Baldwin,16,15,0.11661179468182405,8.575461879550913,0.2720492282818456,13009.0
385,Illinois,Kendall,13,0,0.11651282121775643,8.582746426945167,0.7030886964635351,17093.0
164,North Carolina,Mecklenburg,6,23,0.11637474194821976,8.5929299026497,0.6522833578668303,37119.0
240,California,Yolo,30,1,0.11632019050002256,8.59695978575453,0.8174534983297195,6113.0
9,Texas,Bell,13,6,0.11630343405010309,8.59819839514974,0.5926507936096015,48027.0
353,Michigan,Washtenaw,8,36,0.11626779698271067,8.600833815993802,0.68619404693205,26161.0
174,North Carolina,Moore,19,0,0.11620744512863612,8.605300623321057,0.2737478558198698,37125.0
56,Georgia,Clayton,9,39,0.11607295187946653,8.615271549554702,0.8081466104931194,13063.0
33,Texas,Orange,11,1,0.11585037754062107,8.631823402123711,0.7099941980983635,48361.0
614,South Carolina,Lancaster,22,1,0.1157312493471562,8.640708586842646,0.6600662141948462,45057.0
191,Tennessee,Davidson,6,72,0.11506674782575636,8.69060800705242,0.759414878643346,47037.0
162,North Carolina,Wake,16,25,0.11485215890402391,8.706845474586586,0.8768730653088587,37183.0
631,Kansas,Sedgwick,6,5,0.11362601819772059,8.800801223711812,0.7139340746599879,20173.0
559,Colorado,Larimer,11,5,0.1134173746607449,8.816991250160825,0.49863148502379334,8069.0
587,Oklahoma,Canadian,24,5,0.11337262351097764,8.820471547993877,0.5552111418679169,40017.0
114,Virginia,Portsmouth city,18,5,0.11318742807318427,8.834903460775026,0.6823755291627404,51740.0
45,Georgia,Cobb,10,79,0.11292143257136639,8.855714785304372,0.9077353224043428,13067.0
526,Arkansas,St. Francis,6,0,0.1128414418996091,8.861992395397282,0.28432492422095484,5123.0
500,Louisiana,St. Martin,6,6,0.11279436655558593,8.86569099625372,0.7069933639504163,22099.0
698,Utah,Davis,15,7,0.11142920031279473,8.974308324863534,0.5945748933627553,49011.0
367,Michigan,Tuscola,19,0,0.11126786154889196,8.987321101345984,0.7209744732891346,26157.0
236,California,Alameda,7,1,0.11092264027394048,9.01529207680548,0.8545724322835703,6001.0
3,Texas,Collin,10,5,0.110920246286403,9.015486653518039,0.8316122194008684,48085.0
643,West Virginia,Jefferson,20,3,0.1109000287343719,9.017130215495284,0.6780740741075902,54037.0
442,Pennsylvania,Allegheny,4,17,0.11033252621751671,9.063510410597642,0.6986960552391949,42003.0
120,Virginia,Rockingham,18,7,0.11021722059338372,9.07299235651411,0.5857305924632368,51165.0
460,Pennsylvania,Dauphin,4,9,0.11020057202197144,9.074363060480513,0.7978205115430259,42043.0
616,South Carolina,Lexington,14,2,0.10987393711250362,9.101339464845665,0.917352826896732,45063.0
461,Pennsylvania,Carbon,6,1,0.10982201418525532,9.105642501813264,0.6241320479096597,42025.0
245,California,Stanislaus,16,17,0.10970804434066375,9.115101868873127,0.8294298370554393,6099.0
253,California,Merced,12,5,0.10969759365776768,9.115970247440245,0.8461344568264266,6047.0
67,Georgia,Early,11,9,0.10880810593600189,9.190491750570256,0.7029204819960839,13099.0
707,New Mexico,San Juan,8,19,0.1087936900975434,9.19170954770823,0.8796697116593646,35045.0
739,New Hampshire,Rockingham,15,18,0.10854897061612637,9.212431903536052,0.8663941301698691,33015.0
671,New Jersey,Sussex,4,27,0.10853672679031694,9.213471140804797,0.8162214211258207,34037.0
720,Massachusetts,Hampshire,7,9,0.10837560069675854,9.227169155888328,0.7118723444926771,25015.0
69,Georgia,Terrell,9,16,0.10821004145309301,9.24128654394316,0.588293212784095,13273.0
255,Ohio,Stark,17,4,0.10813052429027553,9.248082413024354,0.8346151897811322,39151.0
379,Illinois,DuPage,1,89,0.10772026610966969,9.283304211130549,0.8352765428678156,17043.0
200,Tennessee,Montgomery,12,-1,0.10738764468842242,9.312058225147116,0.7832091073484779,47125.0
542,Alabama,Etowah,8,0,0.10726897696551431,9.322359812581116,0.5728082554525012,1055.0
205,Mississippi,Forrest,24,9,0.1071367994400221,9.333861056394776,0.7326577321607175,28035.0
133,Indiana,Boone,20,16,0.10703809561667987,9.342468158076692,0.39868005192630745,18011.0
628,Kansas,Johnson,13,14,0.1067371499262297,9.368809272977028,0.8444923644957862,20091.0
585,Oklahoma,Oklahoma,5,19,0.10662140307194712,9.37897993449973,0.8009275290991759,40109.0
325,Florida,Polk,9,9,0.10640960074080581,9.397648267056427,0.7310880791508227,12105.0
473,Louisiana,Bossier,10,19,0.10623859488763371,9.412775094189438,0.6991539072043257,22015.0
411,New York,Putnam,5,56,0.10623686923918367,9.412927989703663,0.6575113491515571,36079.0
61,Georgia,Forsyth,11,10,0.10614197244980374,9.421343667538459,0.8521442304069523,13117.0
734,Vermont,Chittenden,11,0,0.1060319671483296,9.431118057076938,0.6773331418481393,50007.0
724,Arizona,Navajo,4,10,0.10585574734784439,9.446818194140912,0.8128666769710537,4017.0
91,Georgia,Thomas,8,11,0.10532740914566653,9.494204861879894,0.7214916918811741,13275.0
483,Louisiana,Livingston,13,7,0.1051308607968792,9.511954838190434,0.7409241183112529,22063.0
722,Arizona,Pinal,19,7,0.10508320732102143,9.516268350518404,0.735894431779186,4021.0
528,Alabama,Tuscaloosa,20,2,0.1050555056269044,9.51877765979647,0.8215436189953381,1125.0
144,Indiana,Allen,6,11,0.10489880787420602,9.532996802015077,0.9323811382344767,18003.0
508,Iowa,Black Hawk,23,16,0.10465107841684283,9.55556325962387,0.538466377632795,19013.0
704,New Mexico,Bernalillo,9,9,0.10463349506813288,9.557169043706727,0.9280934253231417,35001.0
82,Georgia,Coffee,14,4,0.10441755908097572,9.576933312763048,0.5744732249563195,13069.0
237,California,San Mateo,10,46,0.10363915082739031,9.648863310984545,0.6263593293954358,6081.0
467,Louisiana,Orleans,1,67,0.10354322587361793,9.657802251791663,0.6821813275313255,22071.0
307,Florida,Volusia,17,10,0.10339284659721709,9.671849000305171,0.8196767361719718,12127.0
619,South Carolina,Greenville,5,27,0.10326306745397656,9.684004404049794,0.8205097777664081,45045.0
633,Oregon,Washington,20,5,0.10314614285342545,9.69498201615777,0.7753778937847335,41067.0
72,Georgia,Worth,10,3,0.10252503222961934,9.753715539053509,0.743713756001755,13321.0
665,New Jersey,Hunterdon,8,24,0.1024839510108748,9.757625366081834,0.8134436368759915,34019.0
564,Colorado,Pueblo,20,0,0.10231254277351251,9.773972700626574,0.5347285536973336,8101.0
314,Florida,Sarasota,10,11,0.10221937526040273,9.782881155871976,0.76088749238798,12115.0
254,Ohio,Cuyahoga,6,42,0.10212278892856945,9.79213367057041,0.7483341792583458,39035.0
697,Utah,Salt Lake,22,30,0.10210671940167779,9.793674753823971,0.5196106645867028,49035.0
103,Virginia,Arlington,11,11,0.10197641460072608,9.806189047882842,0.9587020977244506,51013.0
266,Ohio,Mahoning,4,26,0.10186723737782058,9.816698928341888,0.7578186954118462,39099.0
354,Michigan,Kent,10,14,0.10170262246781984,9.832588145073784,0.8285284234030934,26081.0
310,Florida,Collier,9,4,0.1016983028165578,9.833005785787677,0.761657742017287,12021.0
681,Maryland,Howard,4,17,0.1015346049427288,9.848858924147644,0.8854090410723136,24027.0
46,Georgia,Cherokee,15,15,0.10138478899782041,9.863412548222575,0.8197258947327768,13057.0
142,Indiana,Clark,11,15,0.10128064551862725,9.873554763393395,0.8028462528801402,18019.0
54,Georgia,Dougherty,3,52,0.1003233832109877,9.967765918508988,0.7790194493242302,13095.0
141,Indiana,Jennings,15,2,0.10010092063908947,9.989918110798067,0.6079848982598621,18079.0
14,Texas,Brazoria,11,9,0.09956872935993849,10.043313863984592,0.7911811100826682,48039.0
270,Ohio,Hamilton,2,18,0.09917493547577841,10.08319284709019,0.7167129404895888,39061.0
284,Kentucky,Fayette,19,9,0.09916185318142948,10.084523109611215,0.6748900572305466,21067.0
148,Indiana,Elkhart,17,11,0.09896946188858256,10.104126878306925,0.9428388189707678,18039.0
13,Texas,Hays,16,10,0.09877168626871657,10.124358890455884,0.6683470990801037,48209.0
60,Georgia,Paulding,12,15,0.09870638938562568,10.131056421213064,0.7629250234333875,13223.0
232,California,Sacramento,21,77,0.09852193537766743,10.150023912610592,0.7106058305347212,6067.0
324,Florida,Brevard,10,15,0.09846978570187749,10.155399373240774,0.8655524222865536,12009.0
381,Illinois,Clinton,24,0,0.09828996941091639,10.173978138291464,0.45198421993230214,17027.0
476,Louisiana,Ascension,5,6,0.09825507752941495,10.177591073607637,0.5360785743108062,22005.0
157,Indiana,Jackson,9,0,0.09824431415426291,10.178706102317568,0.7621234349600364,18071.0
620,South Carolina,Richland,2,11,0.09811409882135033,10.192215104791778,0.7964287184074885,45079.0
417,New York,Chenango,16,3,0.09809167247986021,10.194545313775906,0.5014753681132408,36017.0
375,Illinois,Cook,46,849,0.0978516394437573,10.219552842288097,0.5911755965085914,17031.0
684,Maryland,Wicomico,21,5,0.09767631094267556,10.23789688972674,0.416171124303863,24045.0
77,Georgia,Chatham,10,3,0.09760305686283836,10.24558074451808,0.613627341523811,13051.0
598,Washington,Pierce,8,31,0.09731658637478381,10.275740623996189,0.8479697574896867,53053.0
329,Florida,Martin,7,6,0.09731060730700904,10.276371997608246,0.6271062964137716,12085.0
586,Oklahoma,Cleveland,9,10,0.09709087643728274,10.299628932137248,0.7857094145766451,40027.0
111,Virginia,Stafford,24,8,0.09700197160659016,10.309068810020575,0.8812304370459384,51179.0
415,New York,Sullivan,5,35,0.09682671887988797,10.327727837607348,0.7847229299112012,36105.0
181,North Carolina,Henderson,12,0,0.09681703567718716,10.328760770307579,0.7090241523853898,37089.0
372,Michigan,Isabella,15,1,0.09675518312758477,10.33536362265332,0.5711682679601044,26073.0
173,North Carolina,Gaston,10,6,0.09671200157236268,10.339978324735338,0.7342951896080413,37071.0
711,Massachusetts,Berkshire,15,5,0.09664416400161924,10.347236279919038,0.6760545651429976,25003.0
419,New York,Jefferson,18,1,0.09663665077763028,10.348040748029346,0.5258513935611947,36045.0
509,Iowa,Washington,12,6,0.096390485624675,10.374467910596458,0.7803590261581101,19183.0
627,South Carolina,Aiken,19,9,0.09623773096852724,10.390934926832713,0.7295024582370778,45003.0
249,California,Santa Barbara,10,29,0.09618509251947402,10.396621490981422,0.754773937330247,6083.0
195,Tennessee,Hamilton,12,1,0.09602847112137439,10.413578268220665,0.4687513500111018,47065.0
147,Indiana,Vigo,16,0,0.09589121416820363,10.42848407619379,0.590331421599191,18167.0
244,California,Ventura,10,33,0.09556237950877146,10.464368982233351,0.7949702200985795,6111.0
608,Washington,Benton,7,5,0.09552040374877799,10.46896747453073,0.590917528785257,53005.0
319,Florida,Osceola,11,16,0.09539348149584134,10.482896570281847,0.752794917928834,12097.0
612,South Carolina,Charleston,15,2,0.09534978600728733,10.487700516953154,0.3789003649542598,45019.0
159,Indiana,Porter,6,7,0.09520460852170504,10.503693209053184,0.683701156949764,18127.0
318,Florida,Seminole,12,7,0.09514159407782226,10.510650044207138,0.7134311654414917,12117.0
453,Pennsylvania,Franklin,18,3,0.09499499662191142,10.526870209597348,0.8224009451508577,42055.0
578,Wisconsin,Milwaukee,2,52,0.09487702225384806,10.539959794737777,0.6690672779835273,55079.0
626,South Carolina,Sumter,7,4,0.09485000939174647,10.542961528552222,0.6999308195411402,45085.0
239,California,Contra Costa,10,48,0.09474424656851502,10.554730616564061,0.881397937573866,6013.0
426,New York,Steuben,9,24,0.0946067280201814,10.570072773119065,0.8379562887859684,36101.0
388,Illinois,Adams,20,1,0.09457947164273518,10.573118908693035,0.15057027382253585,17001.0
539,Alabama,Marion,18,1,0.09453105827337159,10.578533851891612,0.6405116151056924,1093.0
122,Virginia,Chesapeake city,5,10,0.09445819096699141,10.586694385767474,0.6058528708461316,51550.0
341,Missouri,Jackson,7,14,0.09438134798264713,10.59531381331679,0.6919327023296877,29095.0
687,Maryland,Cecil,12,2,0.09434145138934069,10.59979452587674,0.8615098637950257,24015.0
15,Texas,Denton,4,14,0.09401621220837185,10.636463398287738,0.6553438238510166,48121.0
88,Georgia,Ware,11,6,0.0935335615152584,10.691349541275267,0.7473186623025592,13299.0
210,Mississippi,Jackson,9,10,0.0933526971413788,10.712063289243174,0.779601318904741,28059.0
546,Minnesota,Ramsey,21,1,0.09314585920314655,10.735850294955668,0.8570831005126451,27123.0
66,Georgia,Bibb,14,18,0.09294033877813088,10.75959064865495,0.8122040791994216,13021.0
449,Pennsylvania,Adams,21,7,0.09277060842947149,10.779276076002523,0.6090793975101251,42001.0
622,South Carolina,Dorchester,12,0,0.09262815396452811,10.795853714011717,0.6207236304699665,45035.0
158,Indiana,Lawrence,9,2,0.09252980384786884,10.807328648876544,0.6433402687305078,18093.0
177,North Carolina,Davidson,9,2,0.09246537735530032,10.814858800148267,0.4246672380186359,37057.0
40,Texas,Taylor,13,6,0.09238526452266858,10.824237016224918,0.7803580071562601,48441.0
294,Kentucky,Hopkins,4,5,0.09206983722217536,10.86132038646796,0.5064069265506691,21107.0
613,South Carolina,Spartanburg,19,2,0.0920333754181784,10.8656234268952,0.3052316207976313,45083.0
113,Virginia,Richmond city,13,8,0.09140765463951527,10.94000282518684,0.6640182228446195,51760.0
55,Georgia,Newton,15,7,0.09103109338458414,10.985257485321464,0.7060848150554043,13217.0
579,Wisconsin,Kenosha,13,4,0.09087826982442838,11.003730616042127,0.7787133119975967,55059.0
755,Alaska,Anchorage,11,5,0.09077625492745924,11.016096674170091,0.6053063433652484,2020.0
719,Massachusetts,Franklin,7,7,0.09075875814652624,11.018220394615158,0.4743522297575096,25011.0
92,Georgia,Calhoun,11,1,0.09039879449344188,11.062094418444337,0.7531659852372385,13037.0
762,Rhode Island,Providence,1,679,0.09036520648887789,11.06620610802322,0.7447752764707529,44007.0
222,Mississippi,Lincoln,18,7,0.09030621365668966,11.073435143694816,0.6954681688957076,28085.0
0,Texas,Bexar,36,22,0.09024637211056419,11.080777837527505,0.49960515169530884,48029.0
168,North Carolina,Wayne,23,6,0.09015588447014708,11.091899390451054,0.20287269530235852,37191.0
548,Minnesota,Olmsted,15,4,0.09007452048817483,11.101918662240141,0.8095940624263689,27109.0
146,Indiana,Vanderburgh,14,3,0.08996020849271087,11.116025815803063,0.4491974528976336,18163.0
312,Florida,St. Johns,12,1,0.08992716968375603,11.12010979014093,0.5538043037722751,12109.0
115,Virginia,Norfolk city,10,-2,0.08991228163570454,11.121951103984618,0.5738067768614754,51710.0
427,New York,St. Lawrence,7,3,0.08964012600246585,11.155718366264809,0.40812422180578395,36089.0
53,Georgia,Coweta,14,14,0.08897699388739229,11.238860252635444,0.7775540306590322,13077.0
507,Iowa,Polk,11,18,0.08878375250379006,11.263322080887619,0.7606256539689176,19153.0
624,South Carolina,Berkeley,12,8,0.088582239199525,11.288944703097574,0.7549652148868361,45015.0
533,Alabama,Lee,8,15,0.08856358855073662,11.29132204740232,0.8402290657003565,1081.0
333,Florida,St. Lucie,7,4,0.08837136678378157,11.315882467300774,0.6316043031177024,12111.0
699,Utah,Weber,17,5,0.0882215502587434,11.335098930670771,0.462509059808289,49057.0
623,South Carolina,Florence,18,3,0.08800879892801364,11.362500252025312,0.9450422775940026,45041.0
589,Oklahoma,Wagoner,8,25,0.0879226655845753,11.373631513003568,0.49463722748659616,40145.0
365,Michigan,Calhoun,13,7,0.08789042761800368,11.377803329689998,0.9575467068699648,26025.0
362,Michigan,Clinton,11,5,0.08770527254801665,11.401823071155986,0.5623396180893249,26037.0
450,Pennsylvania,Westmoreland,6,3,0.0875749173302797,11.418794678716099,0.630816474935601,42129.0
547,Minnesota,Anoka,30,4,0.08732753282383544,11.451142241900792,0.8159004109030089,27003.0
18,Texas,Ellis,22,0,0.08722305375675574,11.464858852440104,0.7883680518235058,48139.0
116,Virginia,Newport News city,12,5,0.0868831920872629,11.50970603146843,0.6889785223689519,51700.0
596,Washington,King,2,71,0.08675839678750351,11.526261860846624,0.7764519385318516,53033.0
601,Washington,Whatcom,11,2,0.08664446492585444,11.541418148934786,0.48868495305792486,53073.0
625,South Carolina,Clarendon,10,3,0.08614024928859061,11.60897499436946,0.5783698652800073,45027.0
59,Georgia,Troup,21,6,0.08612190577645881,11.61144764487257,0.779730993486471,13285.0
503,Louisiana,East Feliciana,9,4,0.08547666742780184,11.699099065188209,0.5184595346422926,22037.0
621,South Carolina,York,10,2,0.08521344567765503,11.735237227500397,0.5439426084295546,45091.0
400,New York,Saratoga,12,23,0.08503611315615014,11.759709644345099,0.5518112156749698,36091.0
178,North Carolina,Orange,7,4,0.08457935987907997,11.82321551534161,0.8019048254536475,37135.0
28,Texas,Hidalgo,2,8,0.08410471340420855,11.889940046451196,0.8187033985024046,48215.0
725,Arizona,Coconino,7,17,0.0840849335564507,11.892736994656083,0.7345169646240038,4005.0
576,Wisconsin,Waukesha,9,6,0.08407515685405641,11.894119944799753,0.6689939108979809,55133.0
286,Kentucky,Kenton,16,7,0.08367644806789748,11.95079407754702,0.8155323294014895,21117.0
504,Louisiana,West Feliciana,9,0,0.0831625392960448,12.02464485169418,0.48106076686023574,22125.0
199,Tennessee,Wilson,9,2,0.08266653015421598,12.096794169713922,0.5454541289652025,47189.0
208,Mississippi,Hinds,6,4,0.0824622411335612,12.126762336962624,0.8050205186809686,28049.0
49,Georgia,Fayette,18,9,0.08239210769772831,12.137084824540441,0.7535510786638432,13113.0
150,Indiana,Hancock,11,3,0.08233973141405498,12.144805221326056,0.6447831826829804,18059.0
440,Pennsylvania,Cumberland,17,2,0.08226683872020528,12.155566149819652,0.5513775138155684,42041.0
511,Iowa,Linn,5,7,0.08224917039172373,12.15817734376351,0.515989119630307,19113.0
322,Florida,Lake,8,7,0.0821898228043672,12.166956514558448,0.6179735546902634,12069.0
190,Tennessee,Williamson,12,4,0.08212204780368995,12.176997855563307,0.7043976049637302,47187.0
278,Ohio,Portage,5,2,0.08198865285997207,12.19680974278104,0.5938122601932093,39133.0
48,Georgia,Floyd,20,2,0.08173504449945516,12.234654133046515,0.6708017792073117,13115.0
64,Georgia,Columbia,20,4,0.08167943313758974,12.242984085302,0.8119229924427437,13073.0
694,Montana,Gallatin,10,0,0.081498690276929,12.27013583411026,0.3768385295835871,30031.0
727,Arizona,Apache,17,8,0.08130485831446502,12.299388016055236,0.4481447073625378,4001.0
332,Florida,Marion,7,3,0.08119383974860266,12.316205306908275,0.7180423314275425,12083.0
235,California,Sonoma,25,8,0.08114736300081994,12.323259352123317,0.47382903040851576,6097.0
488,Louisiana,West Baton Rouge,14,4,0.08094794004527767,12.353618874558846,0.567358684104905,22121.0
32,Texas,Hardin,13,4,0.0806761451413058,12.395237752727041,0.8295941305004282,48199.0
636,Oregon,Clackamas,14,3,0.0805273409182572,12.418142566201134,0.8243289197267559,41005.0
741,New Hampshire,Merrimack,17,0,0.08037068016555655,12.442348353156744,0.6030094027140228,33013.0
84,Georgia,Crisp,11,4,0.08011324320621535,12.482330760545441,0.6102994590513708,13081.0
74,Georgia,Douglas,5,12,0.07993148278636886,12.510714991647014,0.7778549390863815,13097.0
486,Louisiana,Lafayette,5,3,0.07965872308833696,12.553552972360068,0.39645382585441263,22055.0
363,Michigan,Eaton,11,2,0.07965249642261786,12.554534319856462,0.32292957466175165,26045.0
549,Minnesota,Hennepin,2,31,0.07956429248815287,12.568452112471181,0.7963553089109332,27053.0
309,Florida,Alachua,10,8,0.07953753601628924,12.572680146832818,0.7204744178789881,12001.0
630,Kansas,Leavenworth,19,3,0.07937744660179302,12.598036883406268,0.8516133117668152,20103.0
149,Indiana,Harrison,14,0,0.07915848511601373,12.632884504224808,0.4135092182535937,18061.0
570,Colorado,Montrose,13,4,0.07906901492219555,12.64717918876322,0.6594872798384881,8085.0
618,South Carolina,Horry,16,4,0.07899750347766858,12.658627880344158,0.8614834799824006,45051.0
78,Georgia,Spalding,15,5,0.07896626086827092,12.663636203671453,0.5923915145870987,13255.0
368,Michigan,Muskegon,15,17,0.07874660937870763,12.698959458569284,0.762844804226054,26121.0
492,Louisiana,De Soto,8,5,0.07810841188142476,12.802718374534173,0.725706853030195,22031.0
213,Mississippi,Bolivar,16,1,0.07810738007698109,12.802887499419642,0.5477387270348281,28011.0
123,Virginia,Frederick,11,5,0.07779944012761551,12.853562935153338,0.6901997912477429,51069.0
758,Hawaii,Maui,20,2,0.07727239958761019,12.94123134957413,0.9483030413435231,15009.0
569,Colorado,Broomfield,13,7,0.07724972515254469,12.94502987583845,0.7319454321773844,8014.0
487,Louisiana,Plaquemines,11,2,0.07658481305170674,13.057419090712456,0.47912348540948846,22075.0
556,Colorado,Eagle,7,11,0.07652728726291831,13.067234391366634,0.6563380778722163,8037.0
85,Georgia,Mitchell,6,14,0.07645828930230879,13.079026605553459,0.6463060756626635,13205.0
583,Wisconsin,Rock,17,-1,0.07641533312020629,13.086378860992923,0.6947878629886227,55105.0
692,Idaho,Canyon,5,6,0.07615712727307793,13.130747387756404,0.5251186500024132,16027.0
321,Florida,Citrus,19,3,0.07590462726852058,13.17442738322652,0.7908739329118805,12017.0
197,Tennessee,Sumner,3,12,0.07562831069569702,13.222561641283578,0.5034069248534793,47165.0
305,Florida,Charlotte,24,4,0.07522876993991923,13.292786799500256,0.21938656957383335,12015.0
151,Indiana,Delaware,19,3,0.07517187018416044,13.302848493061854,0.8765206247524607,18035.0
108,Virginia,Harrisonburg city,26,8,0.07418107507169043,13.480527196910737,0.14964079412335127,51660.0
259,Ohio,Summit,7,11,0.07377009504746895,13.555628461052253,0.5646606137842328,39153.0
207,Mississippi,Pearl River,24,5,0.07370508985922058,13.567584028593364,0.9026587577393795,28109.0
565,Colorado,Summit,19,2,0.0736327074451721,13.580921233198078,0.5520183612950971,8117.0
81,Georgia,Barrow,15,8,0.07363191194806044,13.581067957401332,0.661893113863154,13013.0
567,Colorado,Boulder,5,9,0.07334034122060681,13.63506064134625,0.7515330988332205,8013.0
238,California,Placer,21,1,0.07320563843381572,13.660149974705666,0.45440331213996377,6061.0
243,California,San Joaquin,9,26,0.07315970170084833,13.668727137366176,0.7034315876657008,6077.0
499,Louisiana,Natchitoches,13,1,0.07306230609757056,13.68694821464514,0.10199514892924876,22069.0
482,Louisiana,Webster,14,0,0.07282269951140961,13.73198201535118,0.47680827581989593,22119.0
166,North Carolina,Forsyth,16,4,0.07272672573760978,13.750103416010953,0.3438525486542851,37067.0
389,Illinois,McLean,12,2,0.07230965773105276,13.829411331462556,0.37374897936228196,17113.0
20,Texas,Brazos,8,6,0.07228412114519554,13.834296995758194,0.8163673571304426,48041.0
506,Iowa,Johnson,16,6,0.07223423635105139,13.843850928804686,0.7054249090459558,19103.0
306,Florida,Okaloosa,24,1,0.072232512395792,13.84418133652314,0.3146864126148014,12091.0
371,Michigan,Hillsdale,9,2,0.07220783996013536,13.848911704768927,0.5438241528971934,26059.0
183,North Carolina,Cumberland,11,2,0.07218905953054262,13.85251458466373,0.6723086280180105,37051.0
357,Michigan,Bay,22,1,0.07204860760971053,13.879518746802574,0.18431629280549708,26017.0
425,New York,Niagara,6,8,0.07146463990474385,13.992934146634099,0.6216590150571429,36063.0
361,Michigan,Livingston,6,13,0.07074886132625842,14.134503103710735,0.607163289283053,26093.0
8,Texas,Smith,13,2,0.07067264996566848,14.14974534683194,0.6350204706884356,48423.0
276,Ohio,Licking,11,0,0.07049844426060421,14.184710180318374,0.5020941316582661,39089.0
646,West Virginia,Berkeley,8,2,0.07011944634749195,14.261379005251776,0.6067025067178304,54003.0
459,Pennsylvania,Fayette,17,1,0.07010381816403159,14.264558282120408,0.7358844011267985,42051.0
227,California,Los Angeles,45,627,0.06936531831194276,14.41642631124246,0.5443729493854322,6037.0
224,Mississippi,Lauderdale,2,6,0.06923568324750973,14.443419247053766,0.8194500088387061,28075.0
260,Ohio,Lorain,8,7,0.06917978923173647,14.455088850447762,0.6817711185596846,39093.0
708,Massachusetts,Suffolk,43,293,0.06877321743200576,14.540544085910671,0.4819234954914032,25025.0
296,Kentucky,Campbell,8,5,0.06836022440935534,14.628389661388333,0.21064197608282723,21037.0
87,Georgia,Colquitt,7,0,0.06823258926031918,14.655753370062307,0.26587308262386083,13071.0
600,Washington,Kitsap,17,0,0.06772434823144505,14.765738262737399,0.5799526682899678,53035.0
530,Alabama,Jefferson,2,3,0.06768867285776187,14.773520557883561,0.6837436607065316,1073.0
647,West Virginia,Marion,13,1,0.06759826997614977,14.793277998872204,0.49445957091338216,54049.0
277,Ohio,Wood,14,7,0.06743831535269132,14.82836566676027,0.767268808880922,39173.0
265,Ohio,Lake,9,4,0.0669925833649802,14.927025497015563,0.5399890851017256,39085.0
532,Alabama,Shelby,7,5,0.06693892321922289,14.938991425437651,0.6879504279362477,1117.0
126,Virginia,Hampton city,7,1,0.06689021858853221,14.949868921065866,0.4750532082404561,51650.0
519,Arkansas,Garland,23,0,0.06621104876959366,15.103219456315781,0.7693611923512613,5051.0
737,Vermont,Windham,15,2,0.06580195633194853,15.19711655616042,0.6005674946990253,50025.0
480,Louisiana,St. James,5,1,0.06555318552314543,15.254788795075738,0.29364249118639085,22093.0
154,Indiana,Monroe,6,4,0.06525861874144709,15.323646428404704,0.5966936671345434,18105.0
637,Nebraska,Douglas,1,8,0.06411247122002829,15.597589376458272,0.43016545655806077,31055.0
497,Louisiana,Acadia,7,3,0.06401180577230012,15.62211826295222,0.24365933924980693,22001.0
272,Ohio,Warren,18,2,0.06351421646974577,15.744506593674787,0.7855220758467447,39165.0
196,Tennessee,Robertson,7,4,0.06333526335071112,15.788992531105851,0.5042513838081285,47147.0
553,Minnesota,St. Louis,18,4,0.06331027334195045,15.795224806546257,0.33775614464852544,27137.0
73,Georgia,Tift,18,5,0.06318734780949191,15.825953053370306,0.614224729512837,13277.0
105,Virginia,Hanover,27,13,0.06299794182837248,15.873534451718047,0.13321711809730433,51085.0
30,Texas,Jefferson,8,10,0.06297780389776121,15.878610210406984,0.5168097135907403,48245.0
752,Connecticut,Tolland,4,6,0.06291280151336462,15.895016212043414,0.9287791656941519,9013.0
261,Ohio,Butler,17,6,0.06281301435553824,15.920267642939981,0.5509422016131329,39017.0
617,South Carolina,Anderson,15,2,0.06269615939153246,15.949940310619038,0.6417378006161595,45007.0
518,Arkansas,Pulaski,7,13,0.062448445707199374,16.01320879447789,0.6405444978662125,5119.0
645,West Virginia,Kanawha,11,1,0.062431382880667775,16.017585288979006,0.5901596341756626,54039.0
16,Texas,Bowie,20,3,0.062225635985529625,16.070546876090535,0.11015507736206472,48037.0
505,Louisiana,Franklin,6,0,0.06212870928721977,16.09561845840093,0.2123933752867764,22041.0
735,Vermont,Rutland,14,0,0.062014962378885465,16.125140798932016,0.27335957305104674,50021.0
407,New York,Schenectady,5,31,0.062002290508521254,16.128436414176754,0.7164592508835955,36093.0
230,California,San Diego,32,83,0.061971426857556536,16.13646886489373,0.3330857653995112,6073.0
171,North Carolina,Iredell,17,1,0.06159922369979362,16.23397081874833,0.6842187327426927,37097.0
550,Minnesota,Dakota,16,8,0.06138599230255464,16.29036140804364,0.6885614493543529,27037.0
632,Kansas,Shawnee,10,2,0.0612086034438621,16.337572559013815,0.7788793898520975,20177.0
731,Maine,York,7,1,0.06099193648538903,16.39560993836547,0.5746348742523472,23031.0
153,Indiana,Morgan,7,1,0.06062396158807048,16.495127896702463,0.41065522116282377,18109.0
615,South Carolina,Beaufort,12,4,0.060341467453136045,16.57235135649702,0.3984101707329665,45013.0
280,Ohio,Fairfield,8,6,0.060249379536593345,16.597681298819605,0.5629773908823187,39045.0
538,Alabama,Walker,6,0,0.05995479584898495,16.679232842670586,0.39378937259498964,1127.0
726,Arizona,Yavapai,12,5,0.05909087065004893,16.923087932182497,0.32801730214502217,4025.0
228,California,Santa Clara,34,0,0.05887902335700492,16.983977365531974,0.46273395272539947,6085.0
493,Louisiana,Rapides,5,7,0.058334566098308095,17.14249486856136,0.572424374062642,22079.0
175,North Carolina,Pitt,18,3,0.058040457973254904,17.2293609478547,0.6179681045661304,37147.0
764,Rhode Island,Kent,1,75,0.05785066821330319,17.285885036156635,0.6476533054990821,44003.0
38,Texas,Randall,6,9,0.05711755357128418,17.507752651765347,0.6105754718552678,48381.0
463,Pennsylvania,Lawrence,14,0,0.05693534138556368,17.56378333148199,0.7199183155304907,42073.0
405,New York,Albany,3,36,0.05610435973344859,17.823926781287458,0.5829987566932217,36001.0
517,Arkansas,Jefferson,19,2,0.05563044381834589,17.97576886615128,0.47244522557341806,5069.0
263,Ohio,Medina,11,4,0.054847719729951915,18.23229853353243,0.5546316009759596,39103.0
364,Michigan,Berrien,6,6,0.05416986888148334,18.460447120296166,0.8018294102506893,26021.0
551,Minnesota,Washington,13,4,0.054055284681144095,18.4995788274671,0.4612195873389261,27163.0
234,California,Marin,20,1,0.054022609878093875,18.510768033173072,0.20819530589100643,6041.0
690,Idaho,Blaine,5,0,0.054020630554250805,18.511446270434387,0.17949601668206172,16013.0
258,Ohio,Belmont,25,4,0.05289666401163987,18.904783858958492,0.10137003789324352,39013.0
290,Kentucky,Daviess,11,3,0.05267767497833485,18.983373894373234,0.636571238187759,21059.0
289,Kentucky,Pulaski,20,0,0.052566504216924055,19.023521059596064,0.28794228632734686,21199.0
498,Louisiana,Allen,9,0,0.051748880612244856,19.324089490804933,0.27155762243092674,22003.0
454,Pennsylvania,Centre,15,0,0.051101814571495645,19.568776732985043,0.562964583576961,42027.0
695,Montana,Yellowstone,14,4,0.05094699900678912,19.628241495966066,0.48581509769446724,30111.0
702,Utah,Wasatch,10,2,0.05075547372288837,19.702308473362674,0.4485247659192225,49051.0
229,California,San Francisco,40,30,0.050385700621135454,19.846900760977544,0.2810094082748252,6075.0
502,Louisiana,Union,12,2,0.04981976236431599,20.072355879325954,0.4584701998804979,22111.0
496,Louisiana,Avoyelles,10,1,0.049296619074960274,20.285366801309504,0.41495490943660895,22009.0
703,New Mexico,Santa Fe,15,0,0.04861048563163212,20.57169326753802,0.39502381261073677,35049.0
328,Florida,Hernando,14,0,0.047951905749709124,20.85422851011643,0.36476548353485416,12053.0
761,Rhode Island,Washington,1,36,0.04776386807847688,20.936327819115956,0.34762484229388446,44009.0
170,North Carolina,Durham,1,10,0.04739810178411567,21.097891315451914,0.5264924553763762,37063.0
302,Florida,Santa Rosa,23,1,0.04737841534980093,21.106657802226422,0.1103889937944447,12113.0
327,Florida,Sumter,7,1,0.047202633044831646,21.18525886151796,0.34265563463729776,12119.0
602,Washington,Skagit,9,8,0.046168671868754244,21.65970905211969,0.28285163157322274,53057.0
172,North Carolina,Guilford,7,-1,0.046145396908250896,21.67063384433037,0.3269277499196884,37081.0
611,South Carolina,Kershaw,12,6,0.045876479653796765,21.79766206008877,0.5302875744112088,45055.0
65,Georgia,Rockdale,10,5,0.04564627125546284,21.907594475864713,0.21646605419589496,13247.0
206,Mississippi,Leflore,27,4,0.04504913695751306,22.197983525036772,0.5029179385159833,28083.0
269,Ohio,Delaware,9,3,0.0447622983804788,22.34022908073255,0.3573369717870999,39041.0
606,Washington,Grant,12,0,0.044674262094330015,22.384253328874085,0.5213074916940111,53025.0
139,Indiana,Franklin,9,5,0.04461401285519831,22.414482266942787,0.22863075746788725,18047.0
756,Alaska,Fairbanks North Star Borough,12,0,0.04446566940580967,22.489259992324435,0.32968836871052065,2090.0
455,Pennsylvania,Butler,4,0,0.04375772566495709,22.85310730399408,0.3143504993290986,42019.0
233,California,Solano,29,5,0.04332573339222433,23.08097109279332,0.17052135008876498,6095.0
212,Mississippi,Madison,9,2,0.042709934410785126,23.41375639639193,0.542405611037183,28089.0
644,West Virginia,Monongalia,5,1,0.042436446484180386,23.56464979632033,0.21548003844334052,54061.0
24,Texas,Williamson,7,5,0.042418888519387674,23.57440364197537,0.5084008305543775,48491.0
348,Missouri,Jefferson,6,9,0.042404194013770824,23.58257298028701,0.40050503614308886,29099.0
211,Mississippi,Harrison,15,9,0.041346003627151524,24.186134384782708,0.6191207456049126,28047.0
534,Alabama,Madison,5,3,0.04121215734814675,24.264684606348776,0.2665225491689563,1089.0
17,Texas,Matagorda,14,1,0.04097111137694862,24.407441399371585,0.18409269145746118,48321.0
594,Washington,Snohomish,44,42,0.0396713967275151,25.207078209737563,0.29331787549789323,53061.0
160,Indiana,Dearborn,12,0,0.0391941512009102,25.51401087560169,0.2696429878391769,18029.0
390,Illinois,Champaign,7,1,0.03918370498206584,25.52081280873502,0.32132910302265805,17019.0
721,Arizona,Maricopa,52,36,0.0371902437853091,26.888772382691943,0.1295949477332623,4013.0
730,Maine,Cumberland,2,32,0.03612896735813785,27.67862114870979,0.309203729549703,23005.0
344,Missouri,Kansas City,1,17,0.03601906915135713,27.763071716202912,0.5838526227300798,
226,California,Orange,50,16,0.035247474147841115,28.370827248659726,0.1933285398161798,6059.0
408,New York,Tompkins,12,2,0.03501442620239068,28.559656931682717,0.14305152681092295,36109.0
603,Washington,Thurston,15,1,0.034368673850724195,29.09626377623321,0.16391670650434415,53067.0
267,Ohio,Darke,14,1,0.03352476429202147,29.828695924283924,0.032912773636588046,39037.0
604,Washington,Island,12,4,0.03313421309510891,30.180285167165007,0.18609245223065557,53029.0
369,Michigan,Kalamazoo,10,3,0.03271803459074448,30.564183102944924,0.5456144562089191,26077.0
268,Ohio,Miami,8,1,0.03239633693179392,30.8676873593877,0.23857255737587507,39109.0
742,New Hampshire,Strafford,9,8,0.032109869999006196,31.14307220897967,0.21804273013060643,33017.0
330,Florida,Indian River,11,0,0.03182337086596888,31.423446755898986,0.23116062644746774,12061.0
252,California,Imperial,7,30,0.030566866727247108,32.715162104220724,0.3053231251563543,6025.0
214,Mississippi,DeSoto,3,10,0.02999225441676016,33.341941759509204,0.22749180185433035,28033.0
729,Wyoming,Laramie,14,2,0.029228456254376492,34.2132335453148,0.2475630129346584,56021.0
50,Georgia,Bartow,6,7,0.02782242985637454,35.942223779958056,0.22654886761215623,13015.0
251,California,Monterey,15,13,0.025951193644073483,38.53387299695063,0.36351006279783793,6053.0
433,Pennsylvania,Wayne,28,3,0.025937771895113614,38.55381271929486,0.03329673135419638,42127.0
201,Tennessee,Blount,10,1,0.025571214767343333,39.1064722227075,0.0610311472751561,47009.0
595,Washington,Spokane,27,2,0.025386040786345227,39.39172746219982,0.06400660510839756,53063.0
414,New York,Onondaga,4,15,0.02349247971901984,42.566813378597324,0.021748840365525216,36067.0
700,Utah,Summit,2,0,0.02327781946432291,42.959350274739634,0.13934680848547615,49043.0
575,Wisconsin,Fond du Lac,24,2,0.022425808068108455,44.59148125066188,0.13509301172345686,55039.0
331,Florida,Monroe,6,0,0.022246748775713684,44.950388485156054,0.1121451680177625,12087.0
152,Indiana,Ripley,8,3,0.02127807887525717,46.996723992917985,0.06800244836634649,18137.0
416,New York,Rensselaer,3,7,0.021222124723293656,47.12063532933571,0.11062466049639466,36083.0
479,Louisiana,Unknown,13,0,0.01884639782105522,53.06053758892846,0.028023345059735246,
57,Georgia,Clarke,10,7,0.018167979185209075,55.04189485279247,0.09733175132918988,13059.0
374,Michigan,Unknown,1,74,0.017029098115599054,58.723015934941174,0.049475456480056725,
221,Mississippi,Rankin,5,5,0.016842173854016422,59.374758191415175,0.21011413071330676,28121.0
574,Wisconsin,Dane,41,4,0.015332447429514881,65.22115954397503,0.04187253086051002,55025.0
29,Texas,Nueces,2,4,0.013847941571183965,72.21289856399231,0.04906108781315317,48355.0
21,Texas,Wichita,10,0,0.012014255052639066,83.23445736906832,0.020306995189864775,48485.0
422,New York,Columbia,10,4,0.011754812511334001,85.07153976601491,0.026929226442220334,36021.0
7,Texas,Gregg,25,6,0.011131680402661335,89.83369660531419,0.004646658404699986,48183.0
763,Rhode Island,Newport,1,19,0.010609081570160082,94.25886617864046,0.045346649509771096,44005.0
345,Missouri,Johnson,11,1,0.010160596570889422,98.41941789767012,0.012127081343409514,29101.0
156,Indiana,Decatur,1,24,0.009613901975905705,104.01603870168358,0.15807335720956386,18031.0
429,New York,Chemung,10,4,0.007871016498185586,127.04839333401452,0.00772439730386318,36015.0
562,Colorado,Pitkin,1,0,0.005906630770077592,169.3012546282563,0.004698650745932381,8097.0
593,Oklahoma,Greer,3,-1,0.005063516083321772,197.49122616472053,0.001976005098087463,40055.0
338,Missouri,Greene,14,2,0.0009437946277364932,1059.5525452378388,9.463858555367125e-05,29077.0
247,California,San Luis Obispo,5,3,0.0007268985532419024,1375.7077869258228,0.00015542001979463525,6079.0
125,Virginia,Shenandoah,20,6,0.0,0.0,0.0,51171.0
124,Virginia,Manassas city,18,8,0.0,0.0,0.0,51683.0
127,Virginia,Greensville,16,5,0.0,0.0,0.0,51081.0
27,Texas,Bastrop,23,7,0.0,0.0,0.0,48021.0
640,Nebraska,Dawson,21,4,0.0,0.0,0.0,31047.0
373,Michigan,Shiawassee,15,9,0.0,0.0,0.0,26155.0
121,Virginia,Fluvanna,21,17,0.0,0.0,0.0,51065.0
264,Ohio,Geauga,26,1,0.0,0.0,0.0,39055.0
728,Arizona,Mohave,18,5,0.0,0.0,0.0,4015.0
514,Iowa,Marshall,15,5,0.0,0.0,0.0,19127.0
515,Iowa,Bremer,12,5,0.0,0.0,0.0,19017.0
520,Arkansas,Lincoln,26,0,0.0,0.0,0.0,5079.0
527,Alabama,Elmore,31,6,0.0,0.0,0.0,1051.0
34,Texas,Walker,19,17,0.0,0.0,0.0,48471.0
118,Virginia,Isle of Wight,22,27,0.0,0.0,0.0,51093.0
128,Virginia,Brunswick,14,6,0.0,0.0,0.0,51025.0
187,North Carolina,Edgecombe,17,5,0.0,0.0,0.0,37065.0
189,North Carolina,Columbus,12,0,0.0,0.0,0.0,37047.0
161,Indiana,Newton,14,2,0.0,0.0,0.0,18111.0
420,New York,Wayne,26,6,0.0,0.0,0.0,36117.0
768,Delaware,Unknown,1,8,0.0,0.0,0.0,
421,New York,Schoharie,25,8,0.0,0.0,0.0,36095.0
413,New York,Ontario,25,4,0.0,0.0,0.0,36069.0
760,Rhode Island,Bristol,19,10,0.0,0.0,0.0,44001.0
430,New York,Orleans,21,5,0.0,0.0,0.0,36073.0
431,New York,Unknown,1,2091,0.0,0.0,0.0,
412,New York,Greene,27,21,0.0,0.0,0.0,36039.0
163,North Carolina,Chatham,35,6,0.0,0.0,0.0,37037.0
155,Indiana,Putnam,23,5,0.0,0.0,0.0,18133.0
129,Virginia,Buchanan,6,10,0.0,0.0,0.0,51027.0
176,North Carolina,Franklin,21,-1,0.0,0.0,0.0,37069.0
394,Illinois,Macon,14,3,0.0,0.0,0.0,17115.0
464,Pennsylvania,Indiana,15,0,0.0,0.0,0.0,42063.0
465,Pennsylvania,Northumberland,16,8,0.0,0.0,0.0,42097.0
184,North Carolina,Alamance,19,5,0.0,0.0,0.0,37001.0
89,Georgia,Walton,18,7,0.0,0.0,0.0,13297.0
188,North Carolina,Halifax,16,5,0.0,0.0,0.0,37083.0
130,Virginia,Colonial Heights city,3,6,0.0,0.0,0.0,51570.0
732,Maine,Kennebec,25,3,0.0,0.0,0.0,23011.0
541,Alabama,Houston,20,5,0.0,0.0,0.0,1069.0
37,Texas,Nacogdoches,15,8,0.0,0.0,0.0,48347.0
225,Mississippi,Neshoba,15,-1,0.0,0.0,0.0,28099.0
287,Kentucky,Warren,27,5,0.0,0.0,0.0,21227.0
220,Mississippi,Pike,21,3,0.0,0.0,0.0,28113.0
96,Georgia,Wilcox,11,4,0.0,0.0,0.0,13315.0
339,Missouri,Cass,28,8,0.0,0.0,0.0,29037.0
95,Georgia,Oglethorpe,14,6,0.0,0.0,0.0,13221.0
292,Kentucky,Logan,22,5,0.0,0.0,0.0,21141.0
590,Oklahoma,Delaware,16,8,0.0,0.0,0.0,40041.0
297,Kentucky,Butler,14,23,0.0,0.0,0.0,21031.0
298,Kentucky,Adair,5,1,0.0,0.0,0.0,21001.0
299,Kentucky,Jackson,4,11,0.0,0.0,0.0,21109.0
217,Mississippi,Jones,22,3,0.0,0.0,0.0,28067.0
216,Mississippi,Holmes,22,1,0.0,0.0,0.0,28051.0
80,Georgia,Butts,23,5,0.0,0.0,0.0,13035.0
597,Washington,Chelan,37,2,0.0,0.0,0.0,53007.0
94,Georgia,Habersham,16,9,0.0,0.0,0.0,13137.0
335,Florida,Gadsden,18,2,0.0,0.0,0.0,12039.0
651,South Dakota,Lincoln,18,5,0.0,0.0,0.0,46083.0
86,Georgia,Macon,19,18,0.0,0.0,0.0,13193.0
649,West Virginia,Wayne,1,41,0.0,0.0,0.0,54099.0
648,West Virginia,Cabell,16,5,0.0,0.0,0.0,54011.0
334,Florida,Putnam,21,1,0.0,0.0,0.0,12107.0
609,Washington,Douglas,21,9,0.0,0.0,0.0,53017.0
209,Mississippi,Hancock,29,6,0.0,0.0,0.0,28045.0
90,Georgia,Decatur,19,7,0.0,0.0,0.0,13087.0
582,Wisconsin,Walworth,25,7,0.0,0.0,0.0,55127.0
418,New York,Warren,25,29,0.0,0.0,0.0,36113.0
99,Georgia,Crawford,9,6,0.0,0.0,0.0,13079.0
545,Alabama,Coffee,9,0,0.0,0.0,0.0,1031.0
349,Missouri,Saline,9,12,0.0,0.0,0.0,29195.0
97,Georgia,Putnam,13,5,0.0,0.0,0.0,13237.0
275,Ohio,Clermont,24,5,0.0,0.0,0.0,39025.0
42,Texas,Panola,11,7,0.0,0.0,0.0,48365.0
552,Minnesota,Clay,22,2,0.0,0.0,0.0,27027.0
573,Colorado,Delta,21,5,0.0,0.0,0.0,8029.0
223,Mississippi,Lamar,20,8,0.0,0.0,0.0,28073.0
281,Ohio,Wayne,17,-3,0.0,0.0,0.0,39169.0
98,Georgia,Towns,11,5,0.0,0.0,0.0,13281.0
544,Alabama,Randolph,14,5,0.0,0.0,0.0,1111.0
283,Ohio,Allen,15,9,0.0,0.0,0.0,39003.0
198,Tennessee,Cumberland,25,8,0.0,0.0,0.0,47035.0
41,Texas,Moore,14,14,0.0,0.0,0.0,48341.0
106,Virginia,James City,9,2,-0.0006783361514124606,-1474.1953497801308,8.636875235993557e-05,51095.0
428,New York,Madison,5,3,-0.00710873094405547,-140.67208449297542,0.003977014357407916,36053.0
186,North Carolina,Northampton,3,2,-0.0077580473464738805,-128.89841416790415,0.008355549651950149,37131.0
71,Georgia,Carroll,1,6,-0.008072466868597389,-123.87786983556273,0.036018692038634365,13045.0
572,Colorado,La Plata,4,0,-0.008423514050126039,-118.7153002950161,0.011836628485214551,8067.0
36,Texas,Guadalupe,13,1,-0.009306998299640974,-107.44602801083309,0.014095103074477717,48187.0
182,North Carolina,Union,1,6,-0.009783110698340461,-102.21697687317726,0.06878360327902919,37179.0
524,Arkansas,Benton,5,1,-0.013594825263125977,-73.557400013986,0.012226302011223664,5007.0
23,Texas,McLennan,1,2,-0.02067148043860676,-48.375828860925026,0.3409686265178379,48309.0
522,Arkansas,Faulkner,5,0,-0.02120277511251638,-47.163637528263074,0.06185502061338332,5045.0
395,Illinois,Randolph,4,0,-0.030111543182793854,-33.20985556699776,0.14622048867623544,17157.0
581,Wisconsin,Ozaukee,18,1,-0.03871986894404985,-25.826533696304562,0.25163523806738786,55089.0
202,Tennessee,Putnam,10,5,-0.04177259343621989,-23.939140899327715,0.07288639970767409,47141.0
231,California,Humboldt,41,1,-0.04230608032318636,-23.63726425045191,0.12642303999287538,6023.0
591,Oklahoma,Creek,1,4,-0.05217690636615624,-19.165567099406164,0.4138999846623208,40037.0
340,Missouri,Boone,8,5,-0.053374077390120095,-18.735686852080498,0.2326170777077637,29019.0
592,Oklahoma,Comanche,6,1,-0.05751723461780439,-17.386093170940647,0.4281764258820289,40031.0
387,Illinois,Christian,9,0,-0.058144812776021376,-17.198438730073526,0.0690200536150663,17021.0
693,Idaho,Kootenai,9,0,-0.06510153251638741,-15.360621499167923,0.26227768608839264,16055.0
754,Connecticut,Unknown,1,42,-0.0665059919085656,-15.036239161349997,0.21418116741713,
521,Arkansas,Cleburne,4,0,-0.09024663691704791,-11.080745323719608,0.5002942479638808,5023.0
642,Nebraska,Gage,4,0,-0.10891851188086052,-9.181175749939005,0.1839143065411432,31067.0
70,Georgia,Unknown,1,-273,,,,
204,Tennessee,Unknown,1,22,,,,
291,Kentucky,Unknown,4,-8,,,,
346,Missouri,Unknown,2,0,,,,
392,Illinois,Unknown,1,-22,,,,
456,Pennsylvania,Montour,14,5,,,,42093.0
485,Louisiana,St. Landry,11,1,,,,22097.0
525,Arkansas,Unknown,1,3,,,,
561,Colorado,Gunnison,12,0,,,,8051.0
571,Colorado,Unknown,1,-35,,,,
610,Washington,Unknown,1,-109,,,,
662,New Jersey,Unknown,6,499,,,,
718,Massachusetts,Unknown,3,59,,,,
738,Vermont,Unknown,1,0,,,,
745,Nevada,Unknown,1,0,,,,
