,State,County,Ynot,First Doubling,Current Total,Inv Tau,Tau,R Squared,Days In,int,ID
509,North Carolina,Wake,1,5,501,0.14441839686331237,6.924325582608908,0.971147413453681,42,0.8999396634317991,37183.0
510,North Carolina,Chatham,3,12,75,0.1183775972823638,8.44754432390378,0.9409609838617939,39,-1.5647162953095237,37037.0
511,North Carolina,Onslow,3,12,29,0.13807436554950928,7.242473981467837,0.9840818251443021,33,-1.8022760461905802,37133.0
512,North Carolina,Cabarrus,2,9,190,0.15328764897470437,6.5236828060753975,0.9073379550662976,33,-0.24513856241972665,37025.0
513,North Carolina,Forsyth,7,8,121,0.13140901069832522,7.609828235414489,0.9619857173822803,33,-0.858833692973044,37067.0
514,North Carolina,Johnston,2,4,104,0.15735630366549708,6.355004386260671,0.9892297899839252,33,-0.979878635115409,37101.0
515,North Carolina,Mecklenburg,4,4,993,0.18014234478930408,5.551165669402205,0.8780699644586398,33,0.7360813274087596,37119.0
516,North Carolina,Wayne,1,13,78,0.22799800740424356,4.386003243558995,0.9851620479418742,32,-2.464011330219213,37191.0
517,North Carolina,Brunswick,2,5,35,0.09893118292771658,10.108036418918022,0.931543283714488,31,0.212979219103836,37019.0
518,North Carolina,Harnett,4,4,49,0.08719862537701455,11.468070691210675,0.9902374736906786,31,-0.0861913786545887,37085.0
519,North Carolina,Craven,2,8,29,0.13368964018206764,7.480011155973881,0.9855431195138223,31,-1.1376423980363617,37049.0
520,North Carolina,Wilson,2,6,74,0.15172920114214847,6.590689151939472,0.9832615627527352,30,-0.6402872341123695,37195.0
521,North Carolina,Watauga,2,6,8,0.06797595499831237,14.711084235960008,0.8772317594865012,30,-0.24799657927758034,37189.0
522,North Carolina,Durham,1,1,297,0.11349096240026599,8.811274297535222,0.9009669080735504,29,2.9265980489888443,37063.0
523,North Carolina,Iredell,2,3,71,0.13428457621354786,7.44687162291622,0.9287768499077088,28,0.4539574992557027,37097.0
524,North Carolina,Sampson,2,19,13,0.23836133737804077,4.195311248879265,0.9686472465885332,28,-4.273599446370055,37163.0
525,North Carolina,New Hanover,3,4,55,0.12026486650855972,8.314980334916234,0.8595958438905167,27,0.31181926686279704,37129.0
526,North Carolina,Lincoln,3,11,15,0.11433455734682023,8.746262050646852,0.8858397365987959,27,-1.0743405744529366,37109.0
527,North Carolina,Gaston,3,4,86,0.16317881806056944,6.1282463734282935,0.9141273224968931,27,-0.3333150339310502,37071.0
528,North Carolina,Moore,2,3,66,0.173850485987441,5.75206905128951,0.9403217470021255,27,-1.0403905292689324,37125.0
529,North Carolina,Hoke,2,8,20,0.13710611027454747,7.293620962607391,0.9670048501433933,27,-0.9985318701618024,37093.0
530,North Carolina,Guilford,2,1,137,0.1524084916868532,6.561314195370784,0.9014407062647481,27,0.9913972615602584,37081.0
531,North Carolina,Pasquotank,2,10,15,0.11282469426330792,8.86330786473235,0.9136289164201085,25,-0.5254627254931505,37139.0
532,North Carolina,Stanly,2,7,17,0.09986843966475793,10.013173364446635,0.9322257176058139,25,-0.3294931167862809,37167.0
533,North Carolina,Orange,6,3,155,0.13088846780929717,7.640092490478132,0.9730175104998822,25,0.2015676178764243,37135.0
534,North Carolina,Pitt,3,2,68,0.14458992467233342,6.916111217750327,0.9324397586826122,25,0.11348196107779551,37147.0
535,North Carolina,Davidson,2,4,86,0.19159895301183144,5.219235200822047,0.8806389235987544,25,-0.016124235331755,37057.0
536,North Carolina,Franklin,11,11,66,0.12739785635995654,7.849425638486003,0.9335359601927227,25,-1.6526912448114057,37069.0
537,North Carolina,Rowan,2,2,201,0.1789981618860393,5.586649546919139,0.9630690986232094,25,0.21799593319640787,37159.0
538,North Carolina,Carteret,2,2,22,0.09806709988762821,10.197099752576209,0.9256030767621916,25,0.38589742059348375,37031.0
539,North Carolina,Buncombe,1,2,37,0.08811428739778099,11.348897318838027,0.774057441240153,24,1.9511051420979098,37021.0
540,North Carolina,Catawba,1,2,35,0.12171861223169783,8.215670402949115,0.8773075522788528,24,1.1424463612911675,37035.0
541,North Carolina,Henderson,2,3,97,0.16702863096793596,5.986997523747694,0.9366901628552317,23,0.4396149180479254,37089.0
542,North Carolina,Union,24,4,110,0.0884787982220905,11.302142661227174,0.9695945008007156,23,-0.2415082390592439,37179.0
543,North Carolina,Nash,2,5,39,0.17156341274927153,5.8287485890796145,0.9129502464057955,23,-0.40840773554514964,37127.0
544,North Carolina,Scotland,2,9,9,0.12469844835435864,8.019345975807777,0.8369878240570817,23,-1.445695474850571,37165.0
545,North Carolina,Lee,2,7,14,0.10579418110299721,9.452315709371934,0.8850597941140064,23,-0.8634408043395918,37105.0
546,North Carolina,Davie,2,5,22,0.10530906503833949,9.495858686390708,0.8107745170661922,23,0.4506536501622791,37059.0
547,North Carolina,Cherokee,8,11,12,0.027262682258825638,36.6801766057437,0.951326111074771,23,-0.34048232994144956,37039.0
548,North Carolina,Robeson,2,5,10,0.09649646229471232,10.363074212460498,0.9833212595392099,23,-0.5830948426621374,37155.0
549,North Carolina,Granville,3,5,97,0.23115013711963525,4.32619254507487,0.9489332100952976,23,-0.8796927712236666,37077.0
550,North Carolina,Cumberland,5,3,86,0.15941421622932037,6.272966261437318,0.970199512696807,23,-0.21218612099652212,37051.0
551,North Carolina,Vance,2,3,21,0.1448863800626663,6.901960001813005,0.9772850693839997,22,-0.3946568333186353,37181.0
552,North Carolina,Alamance,6,6,73,0.14441926272861264,6.9242840678335495,0.9914007878524232,22,-0.8454459186529613,37001.0
553,North Carolina,Randolph,3,2,55,0.12897523912464437,7.7534262141090435,0.9216868101674717,21,0.609553393190277,37151.0
554,North Carolina,Transylvania,2,2,6,0.05920314656576284,16.89099411108496,0.8177934656905079,21,0.17378995142298748,37175.0
555,North Carolina,Montgomery,3,2,14,0.09929912353254024,10.070582341769622,0.9052795671007122,21,-0.2278555284911412,37123.0
556,North Carolina,Northampton,3,1,63,0.14297937831195826,6.994015583269352,0.7348290815805947,20,0.8718738507436972,37131.0
557,North Carolina,McDowell,4,4,18,0.09081426300004859,11.011486158286226,0.9671379246300337,20,-0.1869703208814505,37111.0
558,North Carolina,Duplin,2,8,19,0.20170913302777,4.957633722327915,0.9881043684423704,20,-1.4613220695605573,37061.0
559,North Carolina,Hertford,2,3,4,0.03787416020925493,26.403225694642334,0.5647443589321609,20,0.19028700926190506,37091.0
560,North Carolina,Bertie,5,5,15,0.07577683503851206,13.196645115776741,0.9813821395720452,20,-0.41940389225395014,37015.0
561,North Carolina,Burke,5,5,59,0.21168698767099242,4.7239559266354965,0.9899544423201501,20,-1.1456084632781809,37023.0
562,North Carolina,Caldwell,3,1,19,0.1261221196837167,7.928823290535827,0.9353611917849284,20,-0.5982170168877933,37027.0
563,North Carolina,Cleveland,2,2,39,0.17214068240356226,5.809202020331401,0.984058024305426,20,0.048866021771154955,37045.0
564,North Carolina,Lenoir,3,1,14,0.12079016734216853,8.278819559602468,0.9590484275495096,20,-0.5216128831892076,37107.0
565,North Carolina,Beaufort,4,5,13,0.08380910292660688,11.931878102498217,0.955119592758837,19,-0.19651244885440022,37013.0
566,North Carolina,Greene,6,9,13,0.047228801116385444,21.17352074078083,0.7668918213972541,18,-0.1921391101395451,37079.0
567,North Carolina,Surry,2,4,10,0.17313370328175282,5.775882921955575,0.9157304451285179,18,-0.8549662423198908,37171.0
568,North Carolina,Person,2,6,11,0.14270314960952318,7.007553811785425,0.8808651587905268,18,-0.6127221088680722,37145.0
569,North Carolina,Richmond,2,12,12,0.400922021044681,2.494250621091612,0.9787138890143812,17,-4.456687443024497,37153.0
570,North Carolina,Polk,4,5,9,0.06135506762484536,16.29857220783269,0.8842195998168331,17,-0.03983317783741924,37149.0
571,North Carolina,Edgecombe,3,3,31,0.19688726074034418,5.079048772580592,0.9900038918643891,17,-0.8216733979782243,37065.0
572,North Carolina,Perquimans,2,10,8,0.16098956070609372,6.21158288533766,0.9776173218314432,17,-1.677576665829899,37143.0
573,North Carolina,Washington,2,4,18,0.21140930586177692,4.730160746347738,0.9842999105696871,16,-0.7439126897699351,37187.0
574,North Carolina,Caswell,2,9,3,0.08862370313515626,11.283663000122464,0.9773119726816109,16,-0.8076576090904976,37033.0
575,North Carolina,Halifax,4,3,25,0.12718911910520775,7.862307774714788,0.9733035491700357,16,-0.07488441330317408,37083.0
576,North Carolina,Columbus,2,3,37,0.2692980959924533,3.713357111993928,0.9749578601756507,16,-0.7994052941126621,37047.0
577,North Carolina,Pamlico,2,5,6,0.08959976668684559,11.160743347636561,0.8878405657840662,16,-0.3721076033355564,37137.0
578,North Carolina,Currituck,2,6,3,0.05494109975274199,18.201310212216715,0.8389764431786202,16,-0.27324597684883206,37053.0
579,North Carolina,Yadkin,3,2,11,0.10651719943490519,9.388155202213332,0.834204085992438,16,-0.03761814843090994,37197.0
580,North Carolina,Alleghany,2,3,2,0.0,0.0,0.0,16,0.0,37005.0
581,North Carolina,Alexander,2,3,3,0.0024576009668307182,406.90088159005876,0.2500000000000001,15,-0.01474560580098431,37003.0
582,North Carolina,Rutherford,5,1,43,0.1728777553450637,5.784434197470934,0.9679468388946799,15,-0.052061339674617235,37161.0
583,North Carolina,Wilkes,4,4,4,0.0,0.0,0.0,14,0.0,37193.0
584,North Carolina,Rockingham,2,2,16,0.1607469377351964,6.2209583217524935,0.962721228354579,14,0.10549155370757113,37157.0
585,North Carolina,Anson,3,3,11,0.14881053614574136,6.719954284827149,0.9540674665284428,14,-0.4265411783541522,37007.0
586,North Carolina,Clay,2,2,3,0.03112676898834376,32.126688136969065,0.5118006197980102,14,0.1618927838986377,37043.0
587,North Carolina,Martin,4,8,7,0.0922035515831047,10.84556920888977,0.9986555454962797,14,-0.7436200501729959,37117.0
588,North Carolina,Stokes,5,2,9,0.06432664811121698,15.54565688345923,0.7802366125252984,12,0.009018171332962677,37169.0
589,North Carolina,Dare,1,3,12,0.2214345780396901,4.5160065282160184,0.9041288900587369,12,0.337136718687306,37055.0
590,North Carolina,Gates,2,5,4,0.12175083304119767,8.213496162787019,0.8019498779629245,12,-0.40506011264026676,37073.0
591,North Carolina,Macon,2,9,2,0.0,0.0,0.0,12,0.0,37113.0
592,North Carolina,Mitchell,2,5,4,0.12895091629245894,7.754888671996819,0.942260923048747,12,-0.5617109893483248,37121.0
593,North Carolina,Haywood,2,2,3,0.033367479873605076,29.969299563166512,0.5888694992770104,11,0.1649904742921404,37087.0
594,North Carolina,Chowan,2,7,4,0.0,0.0,0.0,11,0.0,37041.0
595,North Carolina,Warren,2,2,3,0.04191500630880817,23.857803876552357,0.6498042824980553,10,0.13080036855132796,37185.0
596,North Carolina,Ashe,2,4,4,0.17046460566279087,5.866320437089309,0.9816517014142481,10,-0.65349238356332,37009.0
597,North Carolina,Pender,2,2,5,0.18742347918464766,5.33551081406834,0.9763086211317923,9,-0.3393226669701346,37141.0
598,North Carolina,Jackson,2,7,2,0.0,0.0,0.0,7,0.0,37099.0
599,North Carolina,Jones,7,3,7,0.0,0.0,0.0,5,0.0,37103.0
